	,0.9340515,0.0,0.06594851
--9e1ONYQuAa-CB_Rrw7Tw	,0.9520548,0.0,0.047945205
-050d_XIor1NpCuWkbIVaQ	,0.8911917,0.0,0.10880829
-6h3K1hj0d4DRcZNUtHDuw	,0.9722222,0.0,0.027777778
-6tvduBzjLI1ISfs3F_qTg	,0.94210523,0.0,0.057894737
-95mbLJsa0CxXhpaNL4LvA	,0.93264246,0.0,0.06735751
-AD5PiuJHgdUcAK-Vxao2A	,0.8835617,0.0,0.11643836
-Bdw-5H5C4AYSMGnAvmnzw	,0.9313725,0.0,0.068627454
-Bf8BQ3yMk8U2f45r2DRKw	,0.8888889,0.0,0.11111111
-BxWyEIQ6wypT-37MzZizQ	,0.92523366,0.0,0.07476635
-Dnh48f029YNugtMKkkI-Q	,0.9101124,0.0,0.08988764
-Eu04UHRqmGGyvYRDY8-tg	,0.95035464,0.0,0.04964539
-FLnsWAa4AGEW4NgE8Fqew	,0.9375,0.0,0.0625
-Ht7HiGBox8lS1Y8IPjO8g	,0.9236641,0.0,0.07633588
-ITj6Pu8Gdw8MmLf0XBEKQ	,0.9,0.0,0.1
-IWsoxH7mLJTTpU5MmWY4w	,0.9444444,0.0,0.055555556
-JwSuDqyFILFJmVpjrVbwA	,0.9191919,0.0,0.08080808
-K82LBrI3H0FVuhTbNDpRA	,0.84821427,0.0,0.15178572
-LzUYsR54hd8cCiYXTquRA	,0.8913044,0.0,0.10869565
-OEIW0dO96-492qa_luxaw	,0.94957983,0.0,0.05042017
-PABBD9nMgAYZHSShqGsjg	,0.9,0.0,0.1
-U7tvCtaraTQ9b0zBhpBMA	,0.85470086,0.0,0.14529915
-WLrZPzjKfrftLWaCi1QZQ	,0.9144385,0.0,0.0855615
-YYhUIdX-oJoqwd47sAJSw	,0.9322034,0.0,0.06779661
-Ylpy3VyRWwubf9dysuwjQ	,0.8854962,0.0,0.114503816
-ZBfr1BHvArFp1d6XH8jOQ	,0.9591837,0.0,0.040816326
-av1lZI1JDY_RZN2eTMnWg	,0.8636364,0.0,0.13636364
-bMZCfTK7fxFaURynKpBMA	,0.96031743,0.0,0.03968254
-ed0Yc9on37RoIoG2ZgxBA	,0.8829517,0.0,0.117048346
-ipc5f0XiXwH3hbNnro54Q	,0.9100529,0.0,0.08994709
-kG0N8sBhBotMbu0KVSPaw	,0.88082904,0.0,0.119170986
-kIscN8I29eXMPkvyyxmRQ	,0.9611651,0.0,0.03883495
-o082vExIs0VVNSuZmiTQA	,0.95454544,0.0,0.045454547
-rhH9sL3XGFpoJXcxUpEWA	,0.89873415,0.0,0.101265825
-sAr-LA9TsIdl37UjwBlvg	,0.96511626,0.0,0.034883723
-sN_og_84rLW22CaE3cjVw	,0.93203884,0.0,0.067961164
-yApKLEFAvvNyifvpNKWCA	,0.9074074,0.0,0.09259259
-yQHIYKXH3HAdhh1W52OMQ	,0.9634146,0.0,0.036585364
01fuY2NNscttoTxOYbuZXw	,0.8811881,0.0,0.11881188
0AQnRQw34IQW9-1gJkYnMA	,0.8454546,0.0,0.15454546
0Buxoc0cRqjpvkezo3bqog	,0.9361702,0.0,0.06382979
0CB7YB1qRSWLQvMbHw3Fmw	,0.9447005,0.0,0.05529954
0FUtlsQrJI7LhqDPxLumEw	,0.92258066,0.0,0.077419356
0InA3Ffj8MxyQV9hgsyYcQ	,0.9319728,0.0,0.06802721
0NmTwqYEQiKErDv4a55obg	,0.9426752,0.0,0.05732484
0QHMAUi6NdOUZ1ckXq0-sA	,0.8292683,0.0,0.17073171
0QzCeORfF8EY34UODWRV9A	,0.9389671,0.0,0.061032865
0TBTV3q6QXCn9vNhy3Xi2w	,0.97619045,0.0,0.023809524
0W4lkclzZThpx3V65bVgig	,0.90950227,0.0,0.09049774
0W_pPAiTXgazY2mtX6o0_w	,0.8592233,0.0,0.1407767
0WoQQlMXVIDEgI0xNdENKA	,0.9303483,0.0,0.06965174
0XEqyl_lVaJNHRKxNcjJZg	,0.95789474,0.0,0.042105265
0_aeYE2-VbsZts_UpILgDw	,0.9266055,0.0,0.07339449
0gXYLVPNWz0WT8wXQVpS0g	,0.9122807,0.0,0.0877193
0jAexNHRHhkQv4zNYqenBA	,0.87288135,0.0,0.12711865
0ldxjei8v4q95fApIei3Lg	,0.93125,0.0,0.06875
0pIhgokp0NeM9h8oQQULOg	,0.91851854,0.0,0.08148148
0pMsVlUu_MbFqmvbA8F79Q	,0.90756303,0.0,0.09243698
0pvEQRFVBjxz1W7dNpNZFg	,0.94152045,0.0,0.058479533
0qSKZhVC_BHPuKro4QGWJw	,0.9318182,0.0,0.06818182
0w3BdEOxvwKTpypwbN5kiQ	,0.8892617,0.0,0.110738255
0zeQRzpO06evIZfcR_aZ5w	,0.90833336,0.0,0.09166667
0zoXYHq82haayMaV952jEQ	,0.90849674,0.0,0.09150327
16tWXenJ1wTqugXJU7yiZg	,0.9353612,0.0,0.064638786
1BrIPwRhJHOp6yBwjoRtgg	,0.94634145,0.0,0.053658538
1CR2ddUcjYYwRd5JLtiRrw	,0.8978102,0.0,0.10218978
1DP5vHxJzCDbgawv0WC3yA	,0.8888889,0.0,0.11111111
1Df5WnLX3DqN6ymlhqznaQ	,0.9677419,0.0,0.032258064
1HD5iUUfVJDbfEBIn9yVhw	,0.88793105,0.0,0.112068966
1PpmlyzOiL_DYh0Ty4VC6A	,0.959596,0.0,0.04040404
1QJFpZxLbHbXSKohWp9uIA	,0.91764706,0.0,0.08235294
1SqLPgnZEVeVYDM-AuoFhg	,0.90756303,0.0,0.09243698
1TTQ41NqKks69GltQSQNIA	,0.8759124,0.0,0.124087594
1Vn_lex3LGGwuTo-xeJnww	,0.96590906,0.0,0.03409091
1Z4_zSITNVQ_Bt027R0S1g	,0.94409937,0.0,0.055900622
1ZJz840L496LAmQdeDv0WA	,0.9255319,0.0,0.07446808
1ZnVfS-qP19upP_fwOhZsA	,0.8713235,0.0,0.12867647
1a9YViZDThy3VqBnGOatmQ	,0.87628865,0.0,0.12371134
1d6c6Q2j2jwVzBfX_dLHlg	,0.8958333,0.0,0.104166664
1jpYP-JNOEYCMIzP4OlGuQ	,0.9263158,0.0,0.07368421
1nF8Me63cpxIkFK8Ysx-DA	,0.9368421,0.0,0.06315789
1s3WA23Cac_p0xWu7mB18A	,0.9578313,0.0,0.042168673
1wiv2BvvauMj8hS16UuEYw	,0.8818182,0.0,0.11818182
20n09j__6xb7JX0xe9Oo9A	,0.8958333,0.0,0.104166664
23onm6nRmQ6o3gfqcKUiqA	,0.83766234,0.0,0.16233766
2DmTw0k3bcXuHdAyxO_bkw	,0.9150327,0.0,0.08496732
2Gh1Etnpn_BDy72hOXmCtg	,0.96590906,0.0,0.03409091
2GmGT-7QjowR1ihup3FbVA	,0.97409326,0.0,0.025906736
2IvrdAb6zdxr3ZqplqJHbg	,0.7570093,0.0,0.24299066
2Mp53KxlGeZJkodTuqpVow	,0.9574468,0.0,0.04255319
2OJrznHaA4Gz_KYbQnAuzQ	,0.8881579,0.0,0.1118421
2S6p5ICNswz_EdgcZk76qQ	,0.9381443,0.0,0.06185567
2SfSzEd3B7WimeZac23zhg	,0.9357798,0.0,0.06422018
2UgRg5a6KmpbD_SZfhNrKg	,0.886076,0.0,0.11392405
2Yq-Y-tDroP7mdDfcWJLCQ	,0.9361702,0.0,0.06382979
2bK1ng2mnRdtTh_BDNGmIg	,0.76666665,0.0,0.23333333
2dCnTMv3Hh-fM8bOjYS4Xw	,0.90909094,0.0,0.09090909
2fqHO2vFbcwVV27c_Irm8Q	,0.96460176,0.0,0.03539823
2g4ZTD3ePNSbDAvh6qAOKQ	,0.93048126,0.0,0.069518715
2iLeiQ4OCJVwfodR9egMag	,0.87628865,0.0,0.12371134
2iTsRqUsPGRH1li1WVRvKQ	,0.8636364,0.0,0.13636364
2pV-BNJvTL3f3EiMZlv6_w	,0.91764706,0.0,0.08235294
2s2ww6WaulfOEI16s1uyDg	,0.9059829,0.0,0.094017096
2sdU3Fq3Wv2XQycJoJQArg	,0.8433735,0.0,0.15662651
2skQeu3C36VCiB653MIfrw	,0.9157895,0.0,0.08421053
2sx52lDoiEtef7xgPCaoBw	,0.9506173,0.0,0.049382716
2weQS-RnoOBhb1KsHKyoSQ	,0.91652757,0.0,0.08347245
34VuBMNaG9nJiyqsnoEgPg	,0.93406594,0.0,0.06593407
35lDiS--Zx-8HLwv2EZBGQ	,0.95652175,0.0,0.04347826
364hhL5st0LV16UcBHRJ3A	,0.95734596,0.0,0.04265403
366FaRQ1MWEHBhaEKTcriQ	,0.96428573,0.0,0.035714287
38-sjGYYVcQEKrZe5Nu47A	,0.9339623,0.0,0.06603774
3BCsAgo_1i4xMuTyLKMLRQ	,0.9213974,0.0,0.07860262
3C5Z9homtzkWHouH2BHXYQ	,0.8874172,0.0,0.11258278
3CBLxydJU6CFRMGhu9b-sw	,0.8965517,0.0,0.10344828
3GEEy7RP6e4bT4LAiWFMFQ	,0.9164557,0.0,0.08354431
3Gt3xskppi9jZuTrwrhLNg	,0.91764706,0.0,0.08235294
3LWsVfsSmb_Nzbi2YQ-NIA	,0.95,0.0,0.05
3N9U549Zse8UP-MwKZAjAQ	,0.93658537,0.0,0.06341463
3QQEc5QUP-h6LCkUZQEYQw	,0.91240877,0.0,0.08759124
3T0Erqk1MKtN58764yZMfw	,0.91796875,0.0,0.08203125
3WipOV5JlbCEO_o0tV49yA	,0.84,0.0,0.16
3_QNAH8yVzY0sBPftWyNhQ	,0.96428573,0.0,0.035714287
3ajqOW9A7VhResA08I7RTg	,0.82608694,0.0,0.17391305
3b94MZ9agaZL8SMBagTwpA	,0.8959276,0.0,0.1040724
3cHL1r5w2oLYH-veijtweA	,0.94,0.0,0.06
3fdtp-bzoE4ZgTakkcEBzQ	,0.93125,0.0,0.06875
3kdSl5mo9dWC4clrQjEDGg	,0.96007985,0.0,0.03992016
3ky17eHU-4gSl3knpI__-w	,0.9318182,0.0,0.06818182
3l54GTr8-E3XPbIxnF_sAA	,0.9563636,0.0,0.043636363
3oTVApC-eUzpGjrOVxIr5g	,0.90178573,0.0,0.09821428
3oajqiPFhYQJsHHiVCchEQ	,0.92241377,0.0,0.077586204
3vOWSanFt56CwRJOE9Kj_g	,0.9310345,0.0,0.06896552
3vxIqhm2jCVjkUWtmDvTsw	,0.93264246,0.0,0.06735751
3wcRcbDgZJWDaPSn9bTfSA	,1.0,0.0,0.0
3xmfT7l3xNH5LK1dLzfvGw	,0.8959391,0.0,0.10406091
3xykzfVY2PbdjKCRDLdzTQ	,0.92523366,0.0,0.07476635
46Ld9Qc9nAx_A0jwclNZiw	,0.9047619,0.0,0.0952381
49pIuNnInxMripDNE9pvtQ	,0.7553192,0.0,0.24468085
4Fylkp8eS2FD9-53eycqLw	,0.9504132,0.0,0.049586777
4GXII-GU7S0ZyU6ElkhscQ	,0.83064514,0.0,0.16935484
4IGaWH9jUYMtP2uHIFEqFQ	,0.8559078,0.0,0.14409222
4JNXUYY8wbaaDmk3BPzlWw	,0.9363549,0.0,0.06364513
4K5NUsinIgtq-yuxdp2HdA	,0.81914896,0.0,0.18085106
4KfDcE9iU2isFpoaKeDpgw	,0.8727273,0.0,0.12727273
4MfI3s8aJJBk2uuLzLIHtQ	,1.0,0.0,0.0
4RoTEeqB_MNn6yaqZmlZHg	,0.902439,0.0,0.09756097
4VkLiFoIEjTTpbCRgxjnCQ	,0.9142857,0.0,0.08571429
4X0KWUPcD2EkHN83aa4cXg	,0.8333333,0.0,0.16666667
4dCOilGYflzGzizOPKyvow	,0.9183673,0.0,0.08163265
4hG2j_ibsNblDgqei05U_g	,0.9026549,0.0,0.097345136
4jUj7xHIhdHpTrb0ZXSToA	,0.91463417,0.0,0.085365854
4k3RlMAMd46DZ_JyZU0lMg	,0.9077307,0.0,0.092269324
4oxLboB6UEcBxRwEjMrXag	,0.96875,0.0,0.03125
4p6Wce7Ed707QS2-yQkvZw	,0.8901099,0.0,0.10989011
4qG3Gh8QyugC1XvoTlmgcQ	,0.92,0.0,0.08
53jjJCXpXSRaHfu_ZJePRA	,0.96,0.0,0.04
55E0-qUHa7Kzqz8rOhbdBQ	,0.9032258,0.0,0.09677419
55hXQybFQruQgWoEYl9cvQ	,0.9708738,0.0,0.029126214
56HZLqQOcS1FSXqYG-3vLg	,0.9047619,0.0,0.0952381
56Ll9rqG2WxXj4X2pmlkHQ	,0.92436975,0.0,0.075630255
56_j_lcGj5X9SpM2KzLm4A	,0.9698795,0.0,0.030120483
59YbAeuiz0isJtRNKATTKw	,0.8271605,0.0,0.17283951
59k5QxAyJ3bVEP8-23005A	,0.90625,0.0,0.09375
5CJL_2-XwCGBmOav4mFdYg	,0.89805824,0.0,0.10194175
5DDumAHRKumv3gZiPKW6iw	,0.92727274,0.0,0.07272727
5Dccw539NNtnyCgTu5ed5A	,0.90677965,0.0,0.09322034
5EIJCSrXLHvM2HEoKCejpw	,0.9166667,0.0,0.083333336
5FIOXmUE3qMviX9GafGH-Q	,0.93359375,0.0,0.06640625
5JjGTaZkHbbjBrzBODcsAQ	,0.9351852,0.0,0.06481481
5LNZ67Yw9RD6nf4_UhXOjw	,0.9247387,0.0,0.075261325
5Lcit9Zt6TF9bmKoFMhF0g	,0.9468085,0.0,0.05319149
5T0h9YCsXiDZyBsVIN9gcg	,0.9375,0.0,0.0625
5T6kFKFycym_GkhgOiysIw	,0.9556962,0.0,0.044303797
5TX8o0vsxFsu9_QPhoeI4A	,0.94736844,0.0,0.05263158
5VXxZIMgoKRWbNa6x9kMfw	,0.9313725,0.0,0.068627454
5VeKrLlQdJjMmKGwBBvMmw	,0.95454544,0.0,0.045454547
5Zc41a446gV3K_o7CDs69Q	,0.82681566,0.0,0.17318435
5_ymZOB8eIfi6nzzL5-SbQ	,0.9194915,0.0,0.08050848
5eK_pgro9_LxPYDoRVJnEA	,0.87283236,0.0,0.12716763
5eV8oUGdBXylwB7HeaDFOA	,0.94666666,0.0,0.053333335
5iSmZO0SrKU6EoXK_1M8Kw	,0.88073397,0.0,0.119266056
5j2ugUALtjsa2nkV1YGq5Q	,0.87628865,0.0,0.12371134
5kA_jBINUW2iiO_prsCVcg	,0.88659793,0.0,0.11340206
5sTFevXhGx01eLT4wF7Urg	,0.93939394,0.0,0.060606062
5shgJB7a-2_gdnzc0gsOtg	,0.9314587,0.0,0.0685413
5zDP3Y2hdh6GJL9DVbQ2KA	,0.99019605,0.0,0.009803922
62HlThvB9Rm2QFu_OdXe7w	,0.94814813,0.0,0.05185185
64A4CTvJ2uRQVPkJ5E91ag	,0.9015151,0.0,0.09848485
64dfRmMmUsOdLnkBOtzp4w	,0.92214113,0.0,0.07785888
65GMvjjrsvyR9pxxAys7qg	,0.9375,0.0,0.0625
65eDIQ8bpMJFtgdyX7ulVA	,0.9053255,0.0,0.09467456
679eSYC15Sc17TN9Djj8sg	,0.8606557,0.0,0.13934426
67X6JB3kvZ2B_p8pucgNXA	,0.9318182,0.0,0.06818182
67zCgILB2h6JoSvFabVe7g	,0.9382716,0.0,0.061728396
6ANVuBMmpkXpFd5Hzkn4_Q	,0.90123457,0.0,0.09876543
6Ct57qgmXwOnzfSZoUGh0Q	,0.9074733,0.0,0.09252669
6GzwaQeb3brmyBucng_WPg	,0.92741936,0.0,0.07258064
6H8xfhoZ2IGa3eNiY5FqLA	,0.9444444,0.0,0.055555556
6Iu4YDjAPrDRRrPCt_E2zA	,0.75961536,0.0,0.24038461
6KtYYZ4ARIVa2Zj2tOcp9g	,0.9292929,0.0,0.07070707
6NG_A-epYEpsJSugfAaTRQ	,0.91566265,0.0,0.084337346
6Q7-wkCPc1KF75jZLOTcMw	,0.73913044,0.0,0.26086956
6QJAT0N9X2dRqAtQyTw7Ag	,0.88461536,0.0,0.115384616
6Vyp-9i1jzwK_bvisuPJpQ	,0.9076305,0.0,0.092369474
6We2O5X62J_gduXU7jvf8w	,0.9583333,0.0,0.041666668
6Z6IyosSMciZtwk8hRLRag	,0.85365856,0.0,0.14634146
6ZIHxvFTHC1pvAzAS0uLDA	,0.90588236,0.0,0.09411765
6bgjcFOy4WHMyw62_1V9Pw	,0.9,0.0,0.1
6fPQJq4f_yiq1NHn0fd11Q	,0.9126214,0.0,0.08737864
6hL5p4GvffZspZaU1vVnMg	,0.94736844,0.0,0.05263158
6kkxRV8H9SQLybj0xnEbMw	,0.938326,0.0,0.06167401
6kq9oLduJAYkb2WjAb36KA	,0.8888889,0.0,0.11111111
6nKR80xEGHYf2UxAe_Cu_g	,0.93442625,0.0,0.06557377
6pQ1DpZo6zygNc3qTch-iA	,0.9504132,0.0,0.049586777
6pSwIh7gbTEpfxDlKEiB5A	,0.97536945,0.0,0.024630541
6qKjl6xJQzLb9ka-QbTudA	,0.97530866,0.0,0.024691358
6sKaAF8WhWyyCjfZr2Rfsg	,0.9346405,0.0,0.06535948
6t7mlTVjDA9fhuFAZmVzAQ	,0.85833335,0.0,0.14166667
6tLL1P8k9drb7MJEVwmRhg	,0.94623655,0.0,0.05376344
6tSvz_21BMo3a4GaItwa0g	,0.91034484,0.0,0.089655176
6xgcHeLad-VaoTIQewK84A	,0.9878049,0.0,0.0121951215
7-Ba9uSmYYpXgnQRoIPxMQ	,0.9047619,0.0,0.0952381
74pWjFssgqyhaVg-YCUo3A	,0.9809524,0.0,0.01904762
78XbdLi5e42XDxgnxuYacg	,0.9727273,0.0,0.027272727
78hGCrQ6wLA2yh8zMywnmw	,0.87903225,0.0,0.12096774
7Gkd18xKnIA324Fp7JHRRQ	,0.902439,0.0,0.09756097
7HIa2lYy5jgcZuADlRjKSg	,0.8064516,0.0,0.19354838
7IkSGKKiWhfkXQBCT8EOgA	,0.96153843,0.0,0.03846154
7MeMGh0SUlF-GuTyruwtcw	,0.9348659,0.0,0.0651341
7Ny2GHLw8xl_kXfhfrvh5w	,0.94148934,0.0,0.05851064
7Q2cYSl5NBYytJzgjX0oKw	,0.8852459,0.0,0.114754096
7RTwUpuPFnIHPoTmWJpWhQ	,0.95604396,0.0,0.043956045
7SJoMX5ti-VoEsEW6mJLRA	,0.92432433,0.0,0.075675674
7T2Dx26gYKPMFmAWwHgnOA	,0.97894734,0.0,0.021052632
7U-yh8dvsvhd87i2crfOAw	,0.90047395,0.0,0.09952607
7Xw_vv-ekUL2sTqipnKT0g	,0.8729282,0.0,0.12707183
7ZUYzw56X2WPcjmEWI6zIA	,0.93430656,0.0,0.06569343
7cK9uEV09iPmsTqOqmY3kQ	,0.93370163,0.0,0.06629834
7dHYudt6OOIjiaxkSvv3lQ	,0.8712121,0.0,0.12878788
7dKIMvsTQI6zO-NYdRmrwA	,0.95238096,0.0,0.04761905
7fxebHYUwIF6CakxSr70iQ	,0.87218046,0.0,0.12781955
7ibuDLfx8gEhESAufYIySw	,0.93333334,0.0,0.06666667
7m1Oa1VYV98UUuo_6i0EZg	,0.9529914,0.0,0.047008548
7mGZrCzGGjS95SdRtEaGcQ	,0.9251337,0.0,0.07486631
7pGWy3mR7gjMSE6x2njqPA	,0.919708,0.0,0.08029197
7sGcBZwkD4yFLiBLS1WKgA	,0.96511626,0.0,0.034883723
7sPNbCx7vGAaH7SbNPZ6oA	,0.8929664,0.0,0.10703364
7sb2FYLS2sejZKxRYF9mtg	,0.94223106,0.0,0.057768926
7tNY4BYLA4laqWNV4IWGQg	,0.95053005,0.0,0.049469966
7uGsMlo8_uIZIITKfhEARA	,0.89,0.0,0.11
7vHvQCjPq5pWj7Rio1A--w	,0.9476744,0.0,0.05232558
7xXaO9deBDh_dd0JQjA-Qg	,0.84615386,0.0,0.15384616
7yIHC8KsR5OaE_7MgEBVhw	,0.92523366,0.0,0.07476635
7yYexN1Q5ShE_z1MH2TDTw	,0.8598131,0.0,0.14018692
8-SJUxVjWRb-qZ9KqMe2Ow	,0.9375,0.0,0.0625
8-_jXGGDFPFAPB4r1x-81w	,0.85714287,0.0,0.14285715
80H8EnyShhq6_ZENH7aV3A	,0.96,0.0,0.04
825nC-s-cQG6Hsul5Gm2cA	,0.9395973,0.0,0.060402684
82YGtjc5KKikNiqBZ33qzw	,0.93793106,0.0,0.062068965
8796vXaydw2aY_zER0n9uA	,0.8796296,0.0,0.12037037
89N3YfIoe50feyqS0qwMXg	,0.87356323,0.0,0.12643678
89uU51kOiQXbJHVA3C6XMQ	,0.94375,0.0,0.05625
8BG2u8inkqzCb2tm6YlqDw	,0.8842105,0.0,0.11578947
8F-UdXe_YylX3k0L1SEiRg	,0.83035713,0.0,0.16964285
8K3CRM4COa0SSBEvli0fJQ	,0.9270073,0.0,0.0729927
8L_eeOwZryvlUEO42Zq8nQ	,0.88095236,0.0,0.11904762
8Q6jl7OW8DZzwANggDspcw	,0.89847714,0.0,0.10152284
8R_oemw4rNjJL6sd40O_oQ	,0.9264706,0.0,0.073529415
8SwMaPL6AJIs1ZPSZ3NJ4w	,0.9117647,0.0,0.0882353
8Vpfy_WtcVvZS8Wfz7JQJA	,0.90751445,0.0,0.09248555
8Y5p2IQMLX6QjGPzxanexg	,0.93333334,0.0,0.06666667
8Yz1eFsaUy-ny3B6YZDOrg	,0.92771083,0.0,0.072289154
8Zqh2jwtncA3N4fWEMTvZQ	,0.92727274,0.0,0.07272727
8eSmXnZG0N1GRsqiFeU9uA	,0.94382024,0.0,0.056179777
8iZhbQ2kqml7kJbIhrAn6Q	,0.9361702,0.0,0.06382979
8jLZiv202Cfx_RbTuPOwxQ	,0.9172414,0.0,0.08275862
8mIrX_LrOnAqWsB5JrOojQ	,0.919598,0.0,0.08040201
8nNB_yG1gzVpbqNH2EBucg	,0.92105263,0.0,0.078947365
8nP8ghEpT6WFcM6tfqAaGA	,0.8255814,0.0,0.1744186
8olG8J91NG_QU92WHG5QfA	,0.9296875,0.0,0.0703125
8qnPy-4QV1VGkoeu2LGa9g	,0.75555557,0.0,0.24444444
8yAVuMwtijEosdjiCrtyXQ	,0.9347826,0.0,0.06521739
906qsOYOdCxUHhJm5T5YrQ	,0.9375,0.0,0.0625
925GiWzJ_cxQaUT870xW7A	,0.87356323,0.0,0.12643678
939j88ceB05Te3D7kQPwSA	,0.87628865,0.0,0.12371134
93FNDjCBsdbKkUoh3UVS4g	,0.9504132,0.0,0.049586777
95CCHowiE0W_ovv5-9lQAQ	,0.8769231,0.0,0.12307692
966W5oXOBW0ZWhNYy0yjcA	,0.9392265,0.0,0.06077348
99kGGQoig4YaRi-52VtqMA	,0.90361446,0.0,0.09638554
9Cq_NVvWZOEAzmE7tqJgmg	,0.9319728,0.0,0.06802721
9IZX6ctv4ea6mc9gzu1flQ	,0.9322034,0.0,0.06779661
9IpKGHaPy3hhXo9g5Bt7lg	,0.8780488,0.0,0.12195122
9M6eqYZlyBMo8K9QztXcIA	,0.90384614,0.0,0.09615385
9MnbQg7kfb_WgxoV0hXKSQ	,0.9583333,0.0,0.041666668
9Q1ZtzTPFWG4fJiFSko5Xg	,0.91566265,0.0,0.084337346
9SU7ZZhaFUJJ6m2k5HKHeg	,0.8547486,0.0,0.1452514
9XelmxS5q9tv7uClvjGqMg	,0.9122807,0.0,0.0877193
9a3DrZvpYxVs3k_qwlCNSw	,0.9725086,0.0,0.02749141
9dqdzRzjSfbnMvjUGqWBAw	,0.8939394,0.0,0.10606061
9edPSkfXKsJmkZYIaOmA7Q	,0.9027778,0.0,0.097222224
9fTDeI6mApFX52qYJ8z0mw	,0.9346405,0.0,0.06535948
9njwmO6YzhaQB3-htNMFYQ	,0.9327731,0.0,0.067226894
9p-cpmHaga-EXyc6ZzYCcQ	,0.91463417,0.0,0.085365854
9p2phMmjGq2QJ6PNO9LZxA	,0.9292035,0.0,0.07079646
9vkVY5puIHRfKMgJB4LBnw	,0.9767442,0.0,0.023255814
9wjTzw8bEYOTQJk41V8WQw	,0.83006537,0.0,0.16993465
9wxxjUKdaiWeK0fGxSYhzQ	,0.8192771,0.0,0.18072289
A-uZAD4zP3rRxb44WUGV5w	,0.9712794,0.0,0.028720627
A00Istiu21ObC07-NPstNA	,0.9186047,0.0,0.08139535
A0X1baHPgw9IiBRivu0G9g	,0.9464883,0.0,0.053511705
A5Rkh7UymKm0_Rxm9K2PJw	,0.9424084,0.0,0.057591625
A6nY4SCrMuLPtlbq-EKnfA	,0.9516129,0.0,0.048387095
ABJjxuO6oh5D9R48-eAUdQ	,0.82222223,0.0,0.17777778
ADgacmZ-qXrSOhMfU6bmTA	,0.86419755,0.0,0.13580246
AKPLL7N4yTidQF7xY8kneg	,0.96703297,0.0,0.032967035
ALn_0f-Usn3n0a9WBcjhhg	,0.90869564,0.0,0.09130435
AMN3Sgns9tB2x-b3eWk0qQ	,0.96031743,0.0,0.03968254
ASdpD0gdrOZ7dPh2RS-fJg	,0.9255319,0.0,0.07446808
AUl6myFhTAbEqt0GMdKHiw	,0.8681319,0.0,0.13186814
AV6weBrZFFBfRGCbcRGO4g	,0.8670695,0.0,0.13293052
AbPQf-X7awuPFDULiJ43bg	,0.9357143,0.0,0.06428572
AbnpKkW0mpv34jtRps4C0A	,0.94067794,0.0,0.059322033
Ado3kudEn4uApQBWFCqWLA	,0.95238096,0.0,0.04761905
AfN3Z1U6QPEgAb5F2CQm8w	,0.8780488,0.0,0.12195122
AhPmh0NaRDbEYyhd9egzLA	,0.9111111,0.0,0.08888889
AjWFFZN8KwyqJzzi0DyEsw	,0.92941177,0.0,0.07058824
Ak08F6RqjHYmVCzweBbTrQ	,0.8666667,0.0,0.13333334
Al0uCu7s9LQEURwV1F6Bfg	,0.86923075,0.0,0.13076924
ApHiz1xxENwjkp8MKrE4Dg	,0.9279279,0.0,0.072072074
ArmAaGCdCVAlkhdtaT6RzQ	,0.87974685,0.0,0.12025317
At2bqa8emnEr5WNIosi0ow	,0.90555555,0.0,0.094444446
AtD6B83S4Mbmq0t7iDnUVA	,0.92718446,0.0,0.07281554
AtSEe-B2mFmLFHBf4PLTrw	,0.9166667,0.0,0.083333336
Ax2JxfCUjfBkRxcqfA4QLw	,0.93877554,0.0,0.06122449
AyEtowSGi9vx0-xFfrgjWw	,0.90797544,0.0,0.09202454
Az_60nNuh1FH8Ds8oasZjw	,0.92408377,0.0,0.07591623
B32Ghxep_UhiscserSXMSA	,0.8518519,0.0,0.14814815
B7XwqO9Lbzq-VtOiRobfCg	,0.8833333,0.0,0.11666667
BA2tYMpTHR3i7X-6qtcWaw	,0.89215684,0.0,0.10784314
BBFg2FmyimjiR27jO0dpQg	,0.85046726,0.0,0.1495327
BCAw9a_kyx2RddRH9tMmKQ	,0.91796875,0.0,0.08203125
BEplfZTUzYwApjMUaOA12w	,0.9142857,0.0,0.08571429
BGGQOJQTQerEQu0kHbT_UQ	,0.9266055,0.0,0.07339449
BH9z7IJ4zydAqgwsbqoVZQ	,0.8965517,0.0,0.10344828
BIBWGO_r_1znnlmLbp4Nxg	,0.8422274,0.0,0.15777262
BJLhJdmhUxV95BHAxZluzA	,0.95302016,0.0,0.046979867
BLIJ-p5wYuAhw6Pp6mh6mw	,0.88087773,0.0,0.11912226
BOQOuwSNhfKx1xvKtONsBg	,0.95789474,0.0,0.042105265
BORPULADzZV6_LJZzcsywQ	,0.902439,0.0,0.09756097
BQqwIYQuo2W94smjrBjy5g	,0.8965517,0.0,0.10344828
BTcY04QFiS1uh-RpkR7rAg	,0.92105263,0.0,0.078947365
BTf8sELl1TjovRc0f-tgJg	,0.93532336,0.0,0.06467662
B_WggEKFq-ZFNui8CHPYvA	,0.9157895,0.0,0.08421053
BcW7Z9lPmOB_8eS2lEuOqQ	,0.94078946,0.0,0.059210528
BcgXNY9SzSyIstpEFb9tcg	,0.77868855,0.0,0.22131148
BgQ5ob0QiZfO5YbgI7VyFw	,0.96842104,0.0,0.031578947
BgTFsq79xmnRkX0gA1za1Q	,0.87931037,0.0,0.12068965
BgthHqiXot2s4Sd_xcI6DQ	,0.9223301,0.0,0.0776699
Bhj4G0ArZqRvz9DprbNX3A	,0.94392526,0.0,0.056074765
BjH8Xepc10i6OhCDQdX6og	,0.91,0.0,0.09
Bm8nRUsZ-dK6g2eJLxMTOw	,0.9310345,0.0,0.06896552
BnpuVvPy3sfLlkqKCx6Xnw	,0.83870965,0.0,0.16129032
BslEhCyzaQPfpHtDogb4hQ	,0.8633093,0.0,0.13669065
BxKe9Xt_fN6qBzrTofHuEQ	,0.9280125,0.0,0.07198748
BxRTF1hmGAzMzkTDsEp2gw	,0.9298246,0.0,0.07017544
ByFMv3p5X1aNeZhU61rDcA	,0.8625,0.0,0.1375
C-oKwqnAPa1KJZhMOox60w	,0.87931037,0.0,0.12068965
C-u6Ywuq192icOblKm6oKg	,0.95238096,0.0,0.04761905
C2BR0TjNacoNzItPLUHTAA	,0.96666664,0.0,0.033333335
C6C_dc78Zhzei9wrZs-tdQ	,0.83076924,0.0,0.16923077
C8D_GU9cDDjbOJfCaGXxDQ	,0.8853755,0.0,0.11462451
C9ImzBi5fn742ZcAYDww2A	,0.92990655,0.0,0.07009346
CCRgGKhzxSpl38w7yhqKUw	,0.86577183,0.0,0.13422818
CK-Gv3vqIlWOrKP4fhT8_g	,0.9230769,0.0,0.07692308
CQDJ2y9sLxc0HfwNO5R3Ew	,0.9591837,0.0,0.040816326
CQk3WJtULz_xOkUM6o7wpQ	,0.8440367,0.0,0.1559633
CRVtzesMuwHK-phmS_ojaA	,0.9402985,0.0,0.05970149
CUivTcULsu5MJIYYNVm1zw	,0.96153843,0.0,0.03846154
CV0knwCFA-x-8jJHot6Few	,0.95327103,0.0,0.046728972
CWhCFNnV60zdQo4c1GBWOA	,0.9506173,0.0,0.049382716
CZhc8YXdFLhAI4ViC2ERTg	,0.962963,0.0,0.037037037
CauQnqZ5eowyrr7oWF_p3Q	,0.9282297,0.0,0.07177033
CeqWpwHBoaxwRcv5btnv6g	,0.96938777,0.0,0.030612245
CiYLq33nAyghFkUR15pP-Q	,0.9227053,0.0,0.077294685
Cni2l-VKG_pdospJ6xliXQ	,0.91534394,0.0,0.08465608
CoyeXg8FBsS_d20QzNIy-A	,0.8915663,0.0,0.10843374
Cp-clhAJs3NJRwXpXk_saw	,0.9279279,0.0,0.072072074
Cr4ipI-tr-R8Q0NilkWNkA	,0.93421054,0.0,0.065789476
Cu5icjH_psCatgvN4fU1-A	,0.88235295,0.0,0.11764706
CuT2Xh3vAYvRfxUWlUo6oA	,0.93333334,0.0,0.06666667
CzqYP9VKJBzGLnp14naScA	,0.8901099,0.0,0.10989011
D-2t7fHQu6hNLjjfRHSZaA	,0.9313725,0.0,0.068627454
D1BrHyiZON7u_ef-qt4_Uw	,0.85148513,0.0,0.14851485
D3dAx-QW_uuClz4MambeHA	,0.9409938,0.0,0.05900621
D3ehpx1uKG5aLuaJgztYDg	,0.9108911,0.0,0.089108914
D8a2usm9b-j89W9IrJ_Evw	,0.9078014,0.0,0.09219858
D9Y1JQtSbattMvqfGnneow	,0.96153843,0.0,0.03846154
DB9BRdu7is0AK1DvcuKlcw	,0.92913383,0.0,0.070866145
DC7IRSzdW-B3fkGgxFlmrA	,0.9074074,0.0,0.09259259
DE89UdHFMCN6DtYWZuer5A	,0.8913044,0.0,0.10869565
DESv2ys6SjBKA4SyDtJvxw	,0.9072848,0.0,0.09271523
DHUAQ4pzH9KKzGZDm1jZLg	,0.9529412,0.0,0.047058824
DLJCwHGtbAV31UQ1lnIjlw	,0.96428573,0.0,0.035714287
DLw9rK8Qb6l7ESgxtR47qQ	,0.902439,0.0,0.09756097
DMmeFKsUuMl0kDy7Zd7W3A	,0.85858583,0.0,0.14141414
DMyoxEaTGTakZxWgh1D5bw	,0.96581197,0.0,0.034188036
DN0b4Un8--Uf6SEWLeh0UA	,0.722807,0.0,0.27719298
DOPUavsTUzTcpn3PrK5tUw	,0.93233085,0.0,0.067669176
DQd0tcC2zRcOJWtRVRY62w	,0.9325843,0.0,0.06741573
DQtxU4uae3MzlnP_JZXqPQ	,0.8952381,0.0,0.104761906
DV13F0bhe55dV1AhwoO50g	,0.83516484,0.0,0.16483517
DVJkxZkLKS76Khb2y6XA6A	,0.9468085,0.0,0.05319149
DVfCbJhJUDWRlUfrKzaKOA	,0.8021978,0.0,0.1978022
DW0ZvWuYaSvMcB_3LG5RGg	,0.9130435,0.0,0.08695652
DXlDzOcpdUE_F21tok0fgw	,0.875,0.0,0.125
DXn79Dzv8kpsMcNNKZHuRA	,0.9391304,0.0,0.060869563
DY1_vls0_VQnTZ7CJ3AeFQ	,0.8736842,0.0,0.12631579
DYAorbxOyubUB_wtQRCdug	,0.9099099,0.0,0.09009009
DYuOxkW4DtlJsTHdxdXSlg	,0.88265306,0.0,0.11734694
DZwR0EIPKlmC3mMLhTkqcQ	,0.95238096,0.0,0.04761905
DbEszO3wk1xVmN3pCPob2g	,0.9566327,0.0,0.04336735
DdAlHNMR39bCJ8ep0XDg4g	,0.9777778,0.0,0.022222223
DfgZlNgKwBvCpA_0alumXw	,0.8926829,0.0,0.107317075
DgZ-pZUo3drzpiCDlDr9IQ	,0.95604396,0.0,0.043956045
DkIEhR8behaIoSexekWV0Q	,0.8965517,0.0,0.10344828
DkYS3arLOhA8si5uUEmHOw	,0.92876524,0.0,0.07123473
DkZuVzYuylBanEsWK7mNGw	,0.95316803,0.0,0.046831954
DnV2o694nhnjuRmyR39l3Q	,0.92,0.0,0.08
DqcD3YflYhArFsC4KVUnOw	,0.8915663,0.0,0.10843374
Dqzkdf0sz8lm9AFjfsDmIw	,0.88235295,0.0,0.11764706
Dxaz8OxaadecnWol18kAtw	,0.8712871,0.0,0.12871288
DxgSVufr_6y_Rc63CC17Zg	,0.9037657,0.0,0.09623431
DyOzNIeXUksPNLXYHnB-oQ	,0.94067794,0.0,0.059322033
DymZ5vpm7vkSsR__-4sflw	,0.9661017,0.0,0.033898305
DzKl51tivGJMLiNsQqf38w	,0.89624727,0.0,0.10375276
E4JyAzB5_2quptwtemyhYA	,0.95683455,0.0,0.043165468
E62l6LwZJ7lKaExcUbrtYw	,0.93073595,0.0,0.06926407
E67gGK8yOn9kkNzx8FzQKA	,0.8897059,0.0,0.11029412
E74g5nmRJj9LQS1uyKmq8A	,0.86,0.0,0.14
E9IPxXY6pS2gTW2FBkAJmg	,0.9308176,0.0,0.06918239
EAwh1OmG6t6p3nRaZOW_AA	,0.91588783,0.0,0.08411215
ECOkEVUodMLUxvI0PMI4gQ	,0.8954704,0.0,0.10452962
EP1do6l8hLyIGEru0gN3EQ	,0.9404762,0.0,0.05952381
EQ7PtG9GzraQ7kYi0j8geg	,0.96385545,0.0,0.036144577
EUWBT5GDxPC95w9itZ1EHw	,0.921875,0.0,0.078125
EV1jAj7NFNmNIqOnwZ4Acw	,0.9590643,0.0,0.040935673
EVxY3Vcc-4uavsq2CQsk3g	,0.8639456,0.0,0.13605443
EWbNTPW0co_X4lZRB-QTLQ	,0.82978725,0.0,0.17021276
EZ4TljJvGenxrkM4JsqtZg	,0.9647059,0.0,0.03529412
Ec9CBmL3285XkeHaNp-bSQ	,0.9358491,0.0,0.064150944
EgNqQM_pzECJVJk1h08bGA	,0.9101124,0.0,0.08988764
Eg_M8eeu9SDEdbP7iUmVbQ	,0.9047619,0.0,0.0952381
EgtyW19V-64c6PmRuvzSEA	,0.9259259,0.0,0.074074075
EhIMjTklf4QPvRvMIhoQiA	,0.91803277,0.0,0.08196721
EhtKeNUGGWnjsCLIhCD1jQ	,0.8235294,0.0,0.1764706
EhuKnhTKJTm_EZ_QGe7PvQ	,0.90909094,0.0,0.09090909
Ehy00JWQixgoXzisVKhvag	,0.9385965,0.0,0.06140351
EiWOgRl-v7KLV09VaBt1RA	,0.9259259,0.0,0.074074075
EkYbGk9L5KdCfL3ocZ7ETQ	,0.97540987,0.0,0.024590164
El4FC8jcawUVgw_0EIcbaQ	,0.8945981,0.0,0.105401844
EnCIojgP5KTr1leaysFE3A	,0.94357365,0.0,0.05642633
Er5XAY2UFGGqBHdqpeCFkA	,0.9153846,0.0,0.08461539
Er8DpPwf_lHHv64ncWhD8g	,0.89361703,0.0,0.10638298
Ey1iEY8yAQG5MEBZPQ_niQ	,0.83870965,0.0,0.16129032
F1PMcEIg-FHZvwhiUoFEgw	,0.9634146,0.0,0.036585364
F2pfjAZ_3dMTGCKv6c5wOw	,0.9010989,0.0,0.0989011
F8FHXQBpMu1erLSTwUxYeQ	,0.92528737,0.0,0.07471264
FI-8LPGkc8D_hwx0l0zyyg	,0.9398496,0.0,0.060150377
FKOF8_OMvoPoDHOplDd7tQ	,0.9529412,0.0,0.047058824
FLMxWQO-ckCQmGZhU9OQgw	,0.9315069,0.0,0.06849315
FNe5PPA9pyj8FjcDefCBpg	,0.8844444,0.0,0.115555555
FQB3VXrWYM_m_XrzwRozAg	,0.8796296,0.0,0.12037037
FSnqO-YWUdRb0Xc95nXbvw	,0.93719804,0.0,0.062801935
FYa3GUro-ezTM9zvKiocFw	,0.95977014,0.0,0.040229887
FaHADZARwnY4yvlvpnsfGA	,0.8850967,0.0,0.1149033
FfG8twx5K18y268Gp4dSKA	,0.90225565,0.0,0.09774436
Ffhe2cmRyloz3CCdRGvHtA	,0.90425533,0.0,0.095744684
Fi-2ruy5x600SX4avnrFuA	,0.8851852,0.0,0.11481482
FirWX-Ep5203TsdiGgShKg	,0.92045456,0.0,0.07954545
FogTa-wmjhVnJCoTiaxvZA	,0.9431438,0.0,0.05685619
Fv3HvJPQYqfmniTgtIQJzA	,0.9518072,0.0,0.04819277
FvVSy2r7_zDEhZWqLgjXNQ	,0.91749173,0.0,0.08250825
G-5kEa6E6PD5fkBRuA7k9Q	,0.91129035,0.0,0.088709675
G5or_Fra4-6IYOVlm_dI2Q	,0.83950615,0.0,0.16049382
G80cs2ZxLzjUkMutWdXU1w	,0.75,0.0,0.25
GAOeyq-7gt9QByhdcAK3cQ	,0.89320385,0.0,0.106796116
GHS1rVjO-RMcRB6WJLpCDQ	,0.87246966,0.0,0.12753037
GI-CAiZ_Gg3h21PwrANB4Q	,0.9144385,0.0,0.0855615
GIfZNMP0oIJCje_Xp0Bgrw	,0.9245283,0.0,0.0754717
GIhzzb9tjqLCYdNP_k3-dQ	,0.97315437,0.0,0.026845638
GJ_bXUPv672YwNg4TneJog	,0.8565737,0.0,0.1434263
GMrwDXRlAZU2zj5nH6l4vQ	,0.9528302,0.0,0.047169812
Gaq3S9lmjXVcuDCZ8ulppw	,0.9316038,0.0,0.068396226
GdPWJo3z4ySEXpF7Wkn3FA	,0.9207921,0.0,0.07920792
GdgGAINCqMXqcuKd2nKEBg	,0.9809524,0.0,0.01904762
Gen0ei06dGq13OJ8DRXUjg	,0.9677419,0.0,0.032258064
Gh1BoQNMGkh91pSHqvDRAA	,0.9240506,0.0,0.07594936
GkRF8rSvh9cOQuuPeDh9bg	,0.88,0.0,0.12
GmdujALb1Nq2RHGr7jhCaA	,0.9183673,0.0,0.08163265
GqWBT6OcQ9FXTyQ3eegpZg	,0.9382716,0.0,0.061728396
GrwvBAEALujIOPQeOfN1vA	,0.9390244,0.0,0.06097561
Gt4z3AylNTsEPDkzkaC7HA	,0.89855075,0.0,0.10144927
Gu8D1YoKErqVNNX00qkEaw	,0.9419087,0.0,0.058091287
Gz9SlLqxS6wnxPvgdOQNrA	,0.86206895,0.0,0.13793103
H3Gastz2T6iiSRGmlbtoXQ	,0.8923077,0.0,0.10769231
H8qpFitIesth86zqR4cwYg	,0.93992245,0.0,0.06007752
H8umkLwMkM0vP5B8oPiozQ	,0.9529412,0.0,0.047058824
H9a6IRS0edhW343Y2kXSSA	,0.9390244,0.0,0.06097561
HCCg-rVnHQ2FI6lHs_LvUQ	,0.9369369,0.0,0.06306306
HFEkIohUqGIudgqbHiK1uA	,0.9259259,0.0,0.074074075
HGhXbgeMEcg1cIZwxyNDeg	,0.87958115,0.0,0.12041885
HGvNE87fvK5PwKMZBDkTbA	,0.95098037,0.0,0.04901961
HI56ArpYEbhEUeRx9Curpw	,0.9166667,0.0,0.083333336
HK2Ki-PvnNN-YMTlX1uSVA	,0.9175824,0.0,0.082417585
HL_ii9f1l1uqbGLBZi0EBg	,0.8604651,0.0,0.13953489
HPLB1Tr8ZB5UkD-2umKPdA	,0.9235669,0.0,0.07643312
HQcel0uvg7N7KfhHJChfSQ	,0.91646194,0.0,0.083538085
HQl28KMwrEKHqhFrrDqVNQ	,0.9268293,0.0,0.07317073
HWl2EbZhkhAkFgqt44yUkA	,0.8018868,0.0,0.1981132
H_FkQxifSo13B2FWjhp36g	,0.9195402,0.0,0.08045977
H_P1NMI-jZ8WtiWC4ks2YQ	,0.78350514,0.0,0.21649484
HaNUXh5nYR0r7FrbFJSHXw	,0.9368421,0.0,0.06315789
HfuIfYB_CxMAAJiEnxDl9w	,0.9558011,0.0,0.044198897
HgdFqAvK31fB9sgBdOzo9g	,0.95702004,0.0,0.042979944
HhVmDybpU7L50Kb5A0jXTg	,0.90697676,0.0,0.093023255
HjXI6lKGPVNQ8dYJPtaOCg	,0.8880597,0.0,0.1119403
HkHTdTvzbn-bmeQv_-2u0Q	,0.9259259,0.0,0.074074075
HlDlOycU0sDCCi_tOMkkqA	,0.85227275,0.0,0.14772727
HnbkGxUs7oWKYDeB-Pk82Q	,0.88188976,0.0,0.11811024
HoKXKkW8oC9q8XnjKLulRw	,0.8888889,0.0,0.11111111
Hp8k_RpSIWSeJguyaQpfIw	,0.9270833,0.0,0.072916664
Hqs4YNST_ZHbshwyi4bnsQ	,0.93010753,0.0,0.06989247
HquzxaAEIBBV4-T4xFhJyw	,0.92741936,0.0,0.07258064
Hr5h_LG9TMBLlFz_Oici0A	,0.9255319,0.0,0.07446808
HwEDsb1xtRBTuFwATTRjpA	,0.86315787,0.0,0.1368421
I-5qHCVwT7k_KH67-YOx3A	,0.9130435,0.0,0.08695652
I-KFzdnJcqbUHOAdO2I7Ig	,0.9059829,0.0,0.094017096
I2ZtsGibZL0FX4qha0Ptjw	,0.8095238,0.0,0.1904762
I3STZd5iAvUL9MNLF_DUug	,0.8877551,0.0,0.1122449
I4EmpNOW7zCcx7fUnQ9ixg	,0.9263158,0.0,0.07368421
I6EDDi4-Eq_XlFghcDCUhw	,0.9208861,0.0,0.07911392
I6qFvR-jVDGqDD_iVG38ng	,0.8795181,0.0,0.12048193
I6u-OhmI_IUltexEOSCKzg	,0.9866667,0.0,0.013333334
IB8zLlGraOg9LU7qQVLPyg	,0.9264368,0.0,0.07356322
IBKNR0-FL_Y5KzXqA1yS4A	,0.973913,0.0,0.026086956
ID5wWJ9C7G0hfbQilvlfxA	,0.8989899,0.0,0.1010101
IJUCRd5v-XLkcGrKjb8IfA	,0.8016529,0.0,0.1983471
ILCRrpBIp8KTknEdgIpTxw	,0.9634146,0.0,0.036585364
IMLrj2klosTFvPRLv56cng	,0.94382024,0.0,0.056179777
IOEGLxXwCNiq4P-U359D7Q	,0.9411765,0.0,0.05882353
IT_4EEIbv6Ox1jBRMyE7pg	,0.9230769,0.0,0.07692308
IVnGPHdTyu_GbLo9mXj98w	,0.9444444,0.0,0.055555556
IWKtGvVg4hqc9rWHjW8KoA	,0.9367682,0.0,0.06323185
IWsrQ4-AtZuFJdYzIztMZw	,0.8648649,0.0,0.13513513
IZivKqtHyz4-ts8KsnvMrA	,0.91266376,0.0,0.08733624
I_a74zmgR-X03LsKISWPcg	,0.90909094,0.0,0.09090909
IbDCaYwFi-e-nhEmH-FYPA	,0.912,0.0,0.088
IhNASEZ3XnBHmuuVnWdIwA	,0.9358974,0.0,0.06410257
Iq7NqQD-sESu3vr9iEGuTA	,0.9408284,0.0,0.0591716
IsoLzudHC50oJLiEWpwV-w	,0.92050207,0.0,0.07949791
ItqPtxnayraXSlBS0EMOgg	,0.9132948,0.0,0.0867052
Iv5uLuPULugH4YG3nyNBcw	,0.9122807,0.0,0.0877193
J07TDs6qnTIaxm48EL1cKQ	,0.94827586,0.0,0.05172414
J0D_svyAjf9qCLTxxAb-wQ	,0.9,0.0,0.1
J0ufK7WAEq6oAdpDFz2xVA	,0.93162394,0.0,0.06837607
J1RDyyPxhioqm8c_fi4P4Q	,0.9130435,0.0,0.08695652
J3FUxMAHfCl-WFo86u5DqA	,0.9183673,0.0,0.08163265
J4CATH00YZrq8Bne2S4_cw	,0.95454544,0.0,0.045454547
J5ebC7fKqrSF8KuS8d6hgw	,0.8877551,0.0,0.1122449
J6qWt6XIUmIGFHX5rQJA-w	,0.95327103,0.0,0.046728972
J8_AGg7Pb6s4B75MHBMEUQ	,0.86734694,0.0,0.13265306
JAmQCmczUclNUfZjkNdjQA	,0.9598214,0.0,0.04017857
JDZ6_yycNQFTpUZzLIKHUg	,0.94402987,0.0,0.05597015
JFaTPxWQC14VmFnXLv7W1g	,0.9347826,0.0,0.06521739
JIETwXSEGIHMNyxZVEnNKQ	,0.9527027,0.0,0.0472973
JLbgvGM4FXh9zNP4O5ZWjQ	,0.8947368,0.0,0.10526316
JN1hr0mtzva6eMU9qeAWsQ	,0.9318182,0.0,0.06818182
JPWg9acsCv_om9UFYGMJbA	,0.9655172,0.0,0.03448276
JQLi-Ow9pg391iMzw5LSwg	,0.925,0.0,0.075
JTFFtWy_chbsHTs95yD_2Q	,0.89855075,0.0,0.10144927
JWDiG0nSsM7GQ9QFRTxU9w	,0.9144385,0.0,0.0855615
JXwyTKI7TlnleDhT3LRKKQ	,0.84444445,0.0,0.15555556
Ja4stXdNYr39u5CZHMNtjw	,0.9191176,0.0,0.080882356
JbopSXzZIy7id23GJsO9pA	,0.85714287,0.0,0.14285715
JcFyuyo0Rt6gDiVZ9yJ3VQ	,0.9285714,0.0,0.071428575
JcTIqoWO83FfEI9PJJHMfw	,0.88235295,0.0,0.11764706
JdtJ3jmMukLXU-gDjVTEgg	,0.92771083,0.0,0.072289154
JfHXzulF6yIKgA22YYPedw	,0.9055118,0.0,0.09448819
Jj8ubiwwuCR-rrhrrjcryw	,0.9302326,0.0,0.069767445
JkVtIA_AJnSeC9OI9Dmxnw	,0.9292929,0.0,0.07070707
JmI9nslLD7KZqRr__Bg6NQ	,0.8971453,0.0,0.10285474
JpgVl3d20CMRNjf1DVnzGA	,0.9255952,0.0,0.07440476
JsUprRhyzQyukZmAhcOg0A	,0.92741936,0.0,0.07258064
Jt28TYWanzKrJYYr0Tf1MQ	,0.8695652,0.0,0.13043478
JtCRmopBq7khv1tO6Pn_6A	,0.96581197,0.0,0.034188036
JuNt6TkuBrMqsljkenCOdw	,0.9662162,0.0,0.033783782
Jur1iiejUFw_YCkfDfy1gQ	,0.775076,0.0,0.22492401
Jw3iaQalS9-1aeXkKh_plA	,0.9512195,0.0,0.048780486
JyxHvtj-syke7m9rbza7mA	,0.9132883,0.0,0.08671171
JzOp695tclcNCNMuBl7oxA	,0.9331476,0.0,0.06685237
Jzth-y32SyvOhJNgbIPTqQ	,0.96694213,0.0,0.03305785
K-SsrPH0nFExdpLrTo1X1w	,0.83157897,0.0,0.16842106
K-uQkfSUTwu5LIwPB4b_vg	,0.9017094,0.0,0.0982906
K0j_Znzin0jShXVnpvW86A	,0.9060773,0.0,0.09392265
K1ekU1q26tNrImHrt3rr2A	,0.9150943,0.0,0.08490566
K2_zfa7cKbg5klHJYqoWnw	,0.8695652,0.0,0.13043478
K4cpZcZVHxc13y0ekvDhFQ	,0.90123457,0.0,0.09876543
K5XjxDyq3ZIjUhbtLaW4ZQ	,0.87218046,0.0,0.12781955
K6fYrrTorlpXmqutRcrHzg	,0.975,0.0,0.025
K7fip0nDFFdCC7OCnNOotQ	,0.8659794,0.0,0.13402061
K7lWdNUhCbcnEvI0NhGewg	,0.91375464,0.0,0.08624535
K8MWIwCrS5w-Dbi9UHOlhw	,0.93333334,0.0,0.06666667
KE1hiwKmhQPnhtBg48vFtw	,0.92523366,0.0,0.07476635
KFAJsmQ6GnHxyfmv16s9VA	,0.8666667,0.0,0.13333334
KOEBBp2PhiV_4PkW9eo9Sg	,0.96385545,0.0,0.036144577
KPV_FVNWkgmYh1ArVlt6kg	,0.8648649,0.0,0.13513513
KTPRYqiFdLowAUEAnN7e3g	,0.87401575,0.0,0.12598425
KUOa1acSFn6DkO9jp-sn6A	,0.9076923,0.0,0.092307694
KXITXbKuE60WSUDs7NZVLQ	,0.91752577,0.0,0.082474224
KYZZhLg1e5I5M4XuVMv2sg	,0.83950615,0.0,0.16049382
KYasaF1nov1bn7phfSgWeg	,0.9153846,0.0,0.08461539
K_URSTcq_chiWPcMpuo3Qw	,0.91729325,0.0,0.082706764
KalAJyO0Zpg3K1wVwYXBHA	,0.93233085,0.0,0.067669176
Kbbm6Vd5UdbP10dwjBghRw	,0.9140625,0.0,0.0859375
KdKzTRoSKEUIlxfKTbWUaw	,0.94930875,0.0,0.050691243
Kf7LG3TToplM3eH9Zrz3ug	,0.8888889,0.0,0.11111111
KkmPDIWzvwbBpyqOHT6pcQ	,0.9,0.0,0.1
KmuLLSyZJdNoarwcIERHcw	,0.9186992,0.0,0.08130081
Kn23LDd740SBVJ7mum0fwg	,0.936,0.0,0.064
Kn8nZztS41bKfSOHedqX3g	,0.92391306,0.0,0.07608695
Knnc473zh8m7IBC0oLTHkg	,0.8695652,0.0,0.13043478
Ks43LokM7OWst3BJTtt-6g	,0.9047619,0.0,0.0952381
KskYqH1Bi7Z_61pH6Om8pg	,0.88133335,0.0,0.118666664
Ktia9NJfvxVxTLVcEnw9zQ	,0.9520548,0.0,0.047945205
KuyB4pILxj4pKHvbY6CrJg	,0.89017344,0.0,0.10982659
KvFjvYiagu-9YmcJbLd3Ew	,0.83146065,0.0,0.16853933
KyUFj09bfowyddCuOTP4mg	,0.902439,0.0,0.09756097
L192hPeosT4Z1qRO8jQbfQ	,0.92253524,0.0,0.07746479
L2p0vO3fsS2LC6hhQo3CzA	,0.9212598,0.0,0.07874016
L5Fe8i1__depDJtl3SAXgQ	,0.8888889,0.0,0.11111111
L6qd3x0bHymyxub9dF7lIA	,0.852459,0.0,0.14754099
L877pDtfa3FyN0fcNeCdlA	,0.92142856,0.0,0.07857143
LBBp51YHui5gvXNSyUcLKg	,0.9369369,0.0,0.06306306
LBPl8N3ytjObk9-8NTfjVQ	,0.7982456,0.0,0.20175439
LCGgYHzmYrAvKo3s6vB0Kw	,0.83838385,0.0,0.16161616
LEzaRCdhDfO2eM75HZNnUQ	,0.96666664,0.0,0.033333335
LFs5jyYdXlzi0SpAYi1eSA	,0.93650794,0.0,0.06349207
LNGBEEelQx4zbfWnlc66cw	,0.9309133,0.0,0.06908665
LNOnYo13ggdoEGD-syYHIA	,0.9205298,0.0,0.0794702
LNsZJP6jZ11e0tDljOLPiQ	,0.91082805,0.0,0.089171976
LPnGdeEJyMMO02e02PqZBA	,0.96590906,0.0,0.03409091
LQFmktF43j2NPncKdNd9mg	,0.94827586,0.0,0.05172414
LQI8R7yYXmWzWKd7wLCf2Q	,0.90588236,0.0,0.09411765
LR0qF0FEVsCOhYWUOiH26A	,0.8782051,0.0,0.12179487
LV-oONzEA22qiBEFK1sckA	,0.9404762,0.0,0.05952381
LYWbyu1EQM2o5hwHG5_Ldg	,0.93700784,0.0,0.062992126
L_ZLtfHvfzfoNVQ0-okTXg	,0.9369369,0.0,0.06306306
LelAlfuj5oVRF9CQdWLsNQ	,0.9133858,0.0,0.08661418
LhBP1BxWBM3aLLRR4zgQlw	,0.93406594,0.0,0.06593407
LkMtMHVetws5_7QfRjPtlg	,0.84981686,0.0,0.15018316
LpGCzgAKNSpzDNEUMVVtZA	,0.93564355,0.0,0.06435644
Lq9rYrwvWV5QDBYzq7MGHQ	,0.8989899,0.0,0.1010101
LrxDRg8SQdgHMoz3TSAYFg	,0.86206895,0.0,0.13793103
LtNgP4FqXp5nMFOHErK8cw	,0.9256757,0.0,0.074324325
LtO6vTBfYzlgWArn3kRe_A	,0.9382716,0.0,0.061728396
LtXy1VinKWfuLFslVarKRw	,0.8270677,0.0,0.17293233
LwQB9H3jZ9wTk24Lr-AnZQ	,0.8854962,0.0,0.114503816
Ly2ShApiomYZwKehwb7eRA	,0.91612905,0.0,0.08387097
Lz6QUlFkVKtnzSISk0WUPw	,0.91333336,0.0,0.086666666
M--CB6Fhp4XKxsR2PlcP9w	,0.85882354,0.0,0.14117648
M-SS_Kr0zlC7v8kBSRa74g	,0.8811189,0.0,0.11888112
M30I1NPl5JuHthxo1IXPGg	,0.94078946,0.0,0.059210528
M51gw2cz_vXarNBLbKkOxQ	,0.9411765,0.0,0.05882353
MAuSh7NKoT__CQ4BumoayA	,0.91071427,0.0,0.08928572
MHq5Ly9ZMbCgnP3PoQJbVQ	,0.9357798,0.0,0.06422018
MM8n7SPaIuMlDGbUM5SZhA	,0.9325397,0.0,0.06746032
MS-hfug4QDXqb_Mws3qlzA	,0.8962264,0.0,0.10377359
MVHGmZEwtKrXH11ySGweEw	,0.9369369,0.0,0.06306306
MXC9pwIxovWUc9yu1F8OxA	,0.9017341,0.0,0.098265894
MYpVX--9SecU-RTEyo1jsQ	,0.9480519,0.0,0.051948052
McPUgVVyRhNf0v06pPuV4w	,0.989899,0.0,0.01010101
Md6895ZtS3FA8a0pUaH6nw	,0.88461536,0.0,0.115384616
Md_TTNUkO7U47b3cass4gw	,0.91358024,0.0,0.086419754
MgHWbwuxxb_txhI3lK_bKg	,0.95,0.0,0.05
Mh84_j7YmRrAcm0DWV4bUw	,0.92727274,0.0,0.07272727
Mn6PbumS7GL2v3jPilTaeg	,0.8372093,0.0,0.1627907
MpmFFw0GE_2iRFPdsRpJbA	,0.90166414,0.0,0.098335855
MqIgMLUdD53r_dmx1goYJg	,0.90434784,0.0,0.09565217
Mul_BVwcnhqmp2h_7QFepQ	,0.9704142,0.0,0.0295858
MyTsAeShB9pcWP84GSTAdw	,0.8969072,0.0,0.10309278
N0apJkxIem2E8irTBRKnHw	,0.90405905,0.0,0.09594096
N5B7OBTyNGgwU_Y2fwNcyw	,0.94196427,0.0,0.058035713
N6MzDoao6s68nAIW8vS9dQ	,0.9513889,0.0,0.048611112
N7yuiiu8jhQ-Fl9Npflreg	,0.9220779,0.0,0.077922076
N8ArHOgRDI8wOJIOZaEHyg	,0.9059829,0.0,0.094017096
N8D-5-fW7EkBdKjNYGhu0A	,0.97727275,0.0,0.022727273
N93EYZy9R0sdlEvubu94ig	,0.9029851,0.0,0.09701493
NASjUYKkz6l7hQLxMf2lqg	,0.9423077,0.0,0.057692308
NCFwm2-TDb-oBQ2medmYDg	,0.9632353,0.0,0.036764707
NF0H-HFJOK6R8fkhYkFuzw	,0.9444444,0.0,0.055555556
NFMD_-wFrbfdhTcdHPDCZQ	,0.9279279,0.0,0.072072074
NFm869_w6cvVaWaNpAzjeA	,0.95187163,0.0,0.04812834
NIF9q-xwMzYkmFyE2BCJDQ	,0.8979592,0.0,0.10204082
NIOwzgujIXKVBEVNTQBXpg	,0.9579832,0.0,0.042016808
NJ0RzuWd5xDqfJejYQZ65g	,0.94554454,0.0,0.054455444
NLEe-RzDSU-5BN6xp_WWCw	,0.8888889,0.0,0.11111111
NPiLy71qqXzb45k9eQOgCQ	,0.9065934,0.0,0.093406595
NQhPS0MUKJgBUB6PTLlmzA	,0.88721806,0.0,0.11278196
NUT7tou1Uvjh0GB4I41Qig	,0.95652175,0.0,0.04347826
NWioeR6MmKxgYD87EL56wg	,0.9009009,0.0,0.0990991
NXNa5OYmN1CNmXwHhDxpRA	,0.90865386,0.0,0.09134615
NY80DkkCfEl198JmwtO4pA	,0.84410644,0.0,0.15589353
NblDoJBEwhkJyvAuxzh4rg	,0.95412844,0.0,0.04587156
Nc7-nyG_RzXrEqBuxihcgQ	,0.9230769,0.0,0.07692308
Net_BZG7t8JRLjXxNtvyNg	,0.9,0.0,0.1
NlymcSxDnjtCLyGvmMoyFg	,0.9148936,0.0,0.08510638
Noi53T0PWNEN9mQRS3-Ncg	,0.9263158,0.0,0.07368421
Ns20WGWn6s6niKAGIQB4UQ	,0.9504505,0.0,0.04954955
NvKNe9DnQavC9GstglcBJQ	,0.93043476,0.0,0.069565214
NwVj3tbEcR2F8fbrcOEV0Q	,0.9419355,0.0,0.058064517
NwZ39qdA06ROFIIMjAVPgw	,0.962963,0.0,0.037037037
NxjUiGBNgyDErKXnmQ3s3w	,0.9037037,0.0,0.096296296
O1TvPrgkK2bUo5O5aSZ7lw	,0.8,0.0,0.2
O3lQvyOADBs7f2W8A5D0Yg	,0.84210527,0.0,0.15789473
O6-BlCviQBIEcGW4ll6ZsQ	,0.6451613,0.0,0.3548387
O7UMzd3i-Zk8dMeyY9ZwoA	,0.9053498,0.0,0.09465021
O7ot_LMlCfLpOP9tBqeNfw	,0.9330855,0.0,0.0669145
O85iR6k-pDHpRFwXlppdSw	,0.9139785,0.0,0.086021505
OA5Li3ySzhrbG_WvD_QGYA	,0.9111111,0.0,0.08888889
OARQDsxyoGnnX2FfSl9HjA	,0.8802817,0.0,0.11971831
OBSxiVTm8TuKN-IbtY8fmg	,0.85858583,0.0,0.14141414
OETh78qcgDltvHULowwhJg	,0.9013158,0.0,0.098684214
OFw59czUoeeosFMKfRawmg	,0.9411765,0.0,0.05882353
OGFBCNUHJ-182MbnV6NTvQ	,0.9716981,0.0,0.028301887
OGQ_6nIn4QQL2U6t0XeHtA	,0.86419755,0.0,0.13580246
OGRB__fguKfGpPdH7FvBDA	,0.92913383,0.0,0.070866145
OHFH6ALQqq35NiEbD1eXuw	,0.7791411,0.0,0.2208589
OJdufUU3hVabgviIBHksYw	,0.8430657,0.0,0.1569343
OK0ba4X5seibH8oMWh4bhw	,0.9639344,0.0,0.036065575
OTcBXjDkViDPds4Lxy8KIQ	,0.89361703,0.0,0.10638298
OUP9dy2eu_-2Mga3DpSFfQ	,0.8888889,0.0,0.11111111
OVTY-NpcTA7iXbMQmusv3A	,0.9460581,0.0,0.05394191
OVTZNSkSfbl3gVB9XQIJfw	,0.9130435,0.0,0.08695652
OVczZ1qHXc3bjDprNvCKBQ	,0.9708029,0.0,0.02919708
OY0-hYJ2q6WiAqhYnCZZ0w	,0.90123457,0.0,0.09876543
OYle0xyj_qYZUPCrWfUu_A	,0.9052632,0.0,0.094736844
O_C-2kZMHGnq3ZDL_OaG6Q	,0.92156863,0.0,0.078431375
OgJ0KxwJcJ9R5bUK0ixCbg	,0.9285714,0.0,0.071428575
OiqDNSdnchr8zQhiMSInLQ	,0.91964287,0.0,0.08035714
On8O41uCKj1GfF1Bt4S2Lg	,0.8956522,0.0,0.104347825
OneyDoIPnABworUjMHqXMA	,0.86315787,0.0,0.1368421
OoYwJANV9zD-_OA4Atu-gg	,0.92753625,0.0,0.072463766
Os1n1_idfw9vv9kwULGJnQ	,0.9220339,0.0,0.0779661
P2GBKrx7dJg3xeGtuU2K-A	,0.94545454,0.0,0.054545455
P7pxQFqr7yBKMMI2J51udw	,0.8528,0.0,0.1472
P8IsTiHq5Hesa6UPL604ww	,0.96391755,0.0,0.036082473
P8uECqGqXWTwEndkh-6bQw	,0.90839696,0.0,0.091603056
PChG1Dm0A6AXIXkXGVK8Fw	,0.9440559,0.0,0.055944055
PEnlf5CJ8JJonph2jIljCg	,0.8833333,0.0,0.11666667
PFZttUCEfHHjNnM-qzWQEQ	,0.9444444,0.0,0.055555556
PIXl4WvAqjl2w9Lj81zXvQ	,0.928,0.0,0.072
PIpCmok4zzozeSI7iT9H9A	,0.9506173,0.0,0.049382716
PNTyiqS7R-0c1ofxOfDijQ	,0.96428573,0.0,0.035714287
PQER4ba8Q0zqB1G2QiXamQ	,0.9133574,0.0,0.0866426
PRbIMseOwPCCRv5C4SfTDQ	,0.8642857,0.0,0.13571429
PRz-0bPh1FdszZqt9uq4sQ	,0.9347826,0.0,0.06521739
PSRZaGGxXmOmabL2si8pKw	,0.9622642,0.0,0.03773585
PSUOncuqfqHulYj_fusthw	,0.9375,0.0,0.0625
PVTfzxu7of57zo1jZwEzkg	,0.9323077,0.0,0.06769231
PWGIAIXAoh91nayfIOQMTQ	,0.8765432,0.0,0.12345679
PXShA3JZMXr2mEH3on5clw	,0.96744186,0.0,0.03255814
PbTh7aX0_yyaXFOXAlhI4A	,0.92941177,0.0,0.07058824
PgJgpW4TKQ8IoALH2Yq-zA	,0.8455285,0.0,0.15447155
PgQZfKQwW6Q9fIvViD7Xrg	,0.91358024,0.0,0.086419754
PjEls_NCOQ0m4tJPvcTY8w	,0.8958333,0.0,0.104166664
PlTdQdCWu2_hjbSuenB3pg	,0.94482756,0.0,0.055172414
Po0QGzgwFrfnGJEi_akCjA	,0.89285713,0.0,0.10714286
Pob7ibbNT29--69nxXEP2g	,0.93037975,0.0,0.06962025
PyrcymoNDAJDm_Zn9yl-7A	,0.96638656,0.0,0.033613447
Q3G58vv1ClvH4re9QBsVgQ	,0.93877554,0.0,0.06122449
Q5olb1x6FGk2oLAlc9p5Lg	,0.89915967,0.0,0.10084034
Q5sn7sP6v_lk3pxn0xVIlA	,0.8910891,0.0,0.10891089
Q7LXetNm-Aj34cv37TMp2A	,0.9285714,0.0,0.071428575
Q7m8G4579-XYKV3LMW8V7g	,0.9342723,0.0,0.065727696
QD1cjsSFtktPNtUDJWb--Q	,0.93877554,0.0,0.06122449
QDRFdG8gPPKL7r4yic8j7Q	,0.9302326,0.0,0.069767445
QDeB3ZtWYzVJJ0KK-HM-PA	,0.9322034,0.0,0.06779661
QFqtVX-lyZQgVHQrG-dhlg	,0.8942308,0.0,0.10576923
QJ6GXAAMkgCZPF0bZk0xLw	,0.9411765,0.0,0.05882353
QJR4qBUHegWEozSQrGmBPw	,0.9037433,0.0,0.09625668
QJatAcxYgK1Zp9BRZMAx7g	,0.84126985,0.0,0.15873016
QK9Sy16uWUqEwTPdoKSiEA	,0.9634146,0.0,0.036585364
QS3QxI7u5PRdtbGgI0-UsA	,0.94495416,0.0,0.055045873
Qb4sJ4ssSX1clY2wEAOmsA	,0.90697676,0.0,0.093023255
Qc0l8rZ3nvrcERitgxu8XA	,0.92748094,0.0,0.07251909
QdXg79fKbFLEPePPnL02Fw	,0.9125475,0.0,0.08745247
Qf6EnIzKqhXQg4YNkVAqHQ	,0.9259259,0.0,0.074074075
Qihead6oTtWCwde3TBqlGg	,0.8902439,0.0,0.1097561
QireHpuod14zMB_8vYn5Jg	,0.9130435,0.0,0.08695652
Ql5npMMRWKurN99tgA-g5w	,0.8834356,0.0,0.116564415
QlJztL2aGEXgejgi5JM9Xg	,0.92783505,0.0,0.072164945
QpXBPotu6i__51lFk-5yMA	,0.8352941,0.0,0.16470589
QqE0ECLim5hA-sV-kJiIIA	,0.9186047,0.0,0.08139535
QsJ6orXv_VB7xz-MpqHzSQ	,0.93939394,0.0,0.060606062
QuybD_bJcAB2CHcpTfREYg	,0.9751553,0.0,0.024844721
Qy_tDaVTWlS14fEglzo1Tg	,0.924812,0.0,0.075187966
QzrtN3EjGp-kSCzg8uj1oA	,0.9764706,0.0,0.023529412
R-sEoZXf37pGzLnid7s6wA	,0.9456522,0.0,0.054347824
R3TC2oq8fQK9c9BNMZ-ynA	,0.9521739,0.0,0.047826085
R6jpwPBe9edy0P64uyaLKA	,0.8636364,0.0,0.13636364
R7LyTeiOHLyTNkA8HssBRQ	,0.9285714,0.0,0.071428575
RA1Jchnz3uQDg4YVHckKXQ	,0.9195402,0.0,0.08045977
RAh9WCQAuocM7hYM5_6tnw	,0.92926043,0.0,0.07073955
RBAcL6hg2yoaTRv0kKUjPA	,0.93037975,0.0,0.06962025
RDw-K8fjs5Mporlq2KqTUg	,0.8602941,0.0,0.13970588
RESDUcs7fIiihp38-d6_6g	,0.9111498,0.0,0.08885018
RHi3Bn4HBGBp105LdVlZbQ	,0.88235295,0.0,0.11764706
RJNAeNA-209sctUO0dmwuA	,0.8967391,0.0,0.10326087
RJZK4XXMXYcu9NeLOWMP5A	,0.9327731,0.0,0.067226894
RN0PTeMSF_eaeXN6VV7RwA	,0.9186047,0.0,0.08139535
RNi6tW22UMgHwWLAb0mYdA	,0.95027626,0.0,0.049723756
RQu_Bv7EFf5NKMnh_3E7Ag	,0.8947368,0.0,0.10526316
RRw9I8pHt5PzgYGT2QeODw	,0.921875,0.0,0.078125
RVQE2Z2uky4c0-njFQO66g	,0.95767194,0.0,0.04232804
R_ZlcX46pPdjhjmfd043LA	,0.9268293,0.0,0.07317073
Rb2s2-2kIvbPXnPEuM_OBg	,0.8979592,0.0,0.10204082
Rd11Bosr8JkfoUhZLzpuxg	,0.9478261,0.0,0.052173913
Rg43a31sV7gNLZMjy-ZdCg	,0.89115644,0.0,0.108843535
RhEvP5flF6KoPriMHmVYGg	,0.92377496,0.0,0.07622504
Rj-7ymdw8aNZBRqGRAjR3Q	,0.8993711,0.0,0.10062893
Rj3wnYT1QAxpJlRT5mMc-g	,0.9411765,0.0,0.05882353
RnAb4KkRDmWUBWhhZhugZQ	,0.8660714,0.0,0.13392857
RtUvSWO_UZ8V3Wpj0n077w	,0.9310345,0.0,0.06896552
RtXj1StQUbCMEmxRR10Bqg	,0.9491525,0.0,0.050847456
RtnTbhWYw4QjKhoTBV37OA	,0.92741936,0.0,0.07258064
RwMLuOkImBIqqYj4SSKSPg	,0.8944954,0.0,0.10550459
RwRNR4z3kY-4OsFqigY5sw	,0.96875,0.0,0.03125
RypJ1Rhq7Y8GFdP5UFbzUg	,0.96460176,0.0,0.03539823
RztX0zV7ObHZD08SDUhI0Q	,0.9621212,0.0,0.03787879
S-oLPRdhlyL5HAknBKTUcQ	,0.9423077,0.0,0.057692308
S1N5-ZXwR4fUIPs6dLnBYQ	,0.9354839,0.0,0.06451613
S3-Zmeg2FALMsx9GhHJ5HQ	,0.9448819,0.0,0.05511811
S37sKRRfkhFZRpxaYzWo_A	,0.8888889,0.0,0.11111111
S599hCA4kJJO3_b6SRFKoA	,0.9375,0.0,0.0625
S5RLqt9XkvZxoTMKXuF-MA	,0.86734694,0.0,0.13265306
S6TMBqrsi4PLRFoQFPScjQ	,0.88622755,0.0,0.11377245
SAIrNOB4PtDA4gziNCucwg	,0.9520958,0.0,0.047904193
SAfuIUZMXrOnb3LWyvYjDA	,0.91803277,0.0,0.08196721
SEjyjYlMfFFzkHaru6JadA	,0.8787879,0.0,0.121212125
SHFlELFcEcAOJv_fTAKChQ	,0.93939394,0.0,0.060606062
SMPbvZLSMMb7KU76YNYMGg	,0.9116466,0.0,0.08835341
STtrEGylaYOXoXQFLP5OAQ	,0.9183673,0.0,0.08163265
SVGApDPNdpFlEjwRQThCxA	,0.9501661,0.0,0.049833886
SVUxmYs6_TvX5kWv0ok-MA	,0.8976378,0.0,0.10236221
SWhHaWFuijy_KDs0zVCJog	,0.9279279,0.0,0.072072074
SYGbbZlLk81_bOlBptbS7A	,0.9634146,0.0,0.036585364
SkO0Kd4_bO4VWTzCa_k8_g	,0.91525424,0.0,0.084745765
SkSkWld_ijmWVEDo9_ztKw	,0.96666664,0.0,0.033333335
So132GP_uy3XbGs0KNyzyw	,0.9527027,0.0,0.0472973
Somjllgzu0BxzsSck9V2wQ	,0.8687783,0.0,0.13122173
SotrpltgrAJBqNGZlbYUNA	,0.9166667,0.0,0.083333336
Sovgwq-E-n6wLqNh3X_rXg	,0.9260563,0.0,0.07394366
SqL19z7A7LB91RkWWwWvnQ	,0.88235295,0.0,0.11764706
SqxIx0KbTmCvUlOfkjamew	,0.91752577,0.0,0.082474224
SsN-SaGGkJn2Qm-jSDQ4aQ	,0.9166667,0.0,0.083333336
StNAnvyhVISULAFmO_Ke1Q	,0.91729325,0.0,0.082706764
SuRxV4YkPsvyyqK57On0rQ	,0.9456522,0.0,0.054347824
SueEpC916vd8Lo3Lyl9_pQ	,0.88557214,0.0,0.11442786
SurnOSM2bVVN4-Js3G23RQ	,0.95,0.0,0.05
SvHAczHxIJ00QlJ9ovQR8g	,0.8888889,0.0,0.11111111
SwAZBCyFtVo_8vkRbJhdkA	,0.9166667,0.0,0.083333336
Sxx0E2KvnNCSqlIhbD0l_g	,0.89285713,0.0,0.10714286
Sy75QB18Sv-xNp8FoA8KvQ	,0.9325843,0.0,0.06741573
SycXTaA4MeJZuDK4Y1owDQ	,0.9137931,0.0,0.0862069
T-KniGykrZ46ZC9plOTspw	,0.95049506,0.0,0.04950495
T0Uw6vwwfO3el29wBoDamQ	,0.94186044,0.0,0.058139537
T1tvWywCdTv8YiK-r_roLw	,0.94262296,0.0,0.057377048
T2tEMLpTeSMxLKpxwFdS3g	,0.9050633,0.0,0.094936706
T3ASfec34b8-uYr3xZj8Lw	,0.9380531,0.0,0.061946902
T5kG7e63YFDrNxEfNKBV_Q	,0.9411765,0.0,0.05882353
T5nTtSCSRoEYMsZPhF61wg	,0.95098037,0.0,0.04901961
T64FH66qs4EN0d0ds2f5fw	,0.8214286,0.0,0.17857143
T8-8C1C7QwxzZcMGK_8H4A	,0.8685259,0.0,0.13147411
TA1dpJpodkG2NR7JJLIicQ	,0.939759,0.0,0.060240965
TCWMgOiV0PxQkWE1SyBIWQ	,0.8666667,0.0,0.13333334
TCoBE_BkDRrK0bWrh5VueQ	,0.9189189,0.0,0.08108108
TL5Dtfnf-5hYG13lBF9N2A	,0.8695652,0.0,0.13043478
TLWZK8NIpn4zI4_yut-q6Q	,0.92941177,0.0,0.07058824
TT4XW2WMG0PNyUIFBIINuA	,0.88990825,0.0,0.110091746
TVbVii4EUQt9DG7y698zIw	,0.8766234,0.0,0.12337662
TeggG3duunpoy__1Y2SAyQ	,0.83246076,0.0,0.16753927
TfabYPasZ1oOMN6JLa-yvw	,0.93442625,0.0,0.06557377
TfcQhrjJco0C_x0KVK7LwA	,0.8811881,0.0,0.11881188
Tjbd3oTRXs9ZdItF_cLJMQ	,0.98571426,0.0,0.014285714
Tk7qCou7aYv_Z-K3a7NhhA	,0.93333334,0.0,0.06666667
TkEMlu88OZn9TKZyeY9CJg	,0.9137931,0.0,0.0862069
ToFm2DhhTdr0Kv0A7Sdj6g	,0.9310345,0.0,0.06896552
Trbt0Ex85yvwT8DHoEFCvg	,0.83146065,0.0,0.16853933
TtbCOwOpNNzE7fW5CFwyng	,0.9587629,0.0,0.041237112
TubbskG3TSU9TpgFFH2How	,0.9292035,0.0,0.07079646
Tw3miGKZHtmxmaQZIYFRrA	,0.9364162,0.0,0.06358381
Twcjx4ofM9GWwXN6LVGSzw	,0.9411765,0.0,0.05882353
TyZnv8aX1OJfBKoyuYgZLQ	,0.9052632,0.0,0.094736844
U-zsJM-VN89i3PbaIbKmJw	,0.92,0.0,0.08
U3kygJOTlTQFlfaZS7sQjA	,0.94505495,0.0,0.054945055
U4OLUFb9VxMmpMXm1ZF-cQ	,0.9741379,0.0,0.02586207
U4jgxAolsM7BPgrrKllnVA	,0.9430894,0.0,0.05691057
U6P56MjLrraN0JBNvOjxaA	,0.9195402,0.0,0.08045977
U9aA5H13y7t9xWnoQslV0Q	,0.8235294,0.0,0.1764706
UBQRhqRMW4Sk7kSZvZ1iAQ	,0.902439,0.0,0.09756097
UCpUOtvqR-NBWBNVMzJleA	,0.9156977,0.0,0.08430233
UCqWJWovgeelP1OUI_L90w	,0.9222222,0.0,0.07777778
UE3AvVnaPEBPneVahYT2eA	,0.924812,0.0,0.075187966
UESdOMLsXn_7WcwOZt7I3A	,0.90967745,0.0,0.090322584
UJ3J2vIJOrxQ9q7M06Wm4Q	,0.8918919,0.0,0.10810811
UMqfeCItzQ2glr4d9apGlA	,0.9679634,0.0,0.032036614
UNI1agsPX2k3eJSJVB91nw	,0.8804348,0.0,0.11956522
UN_6ebslv5cxdDmZAX3ivQ	,0.97619045,0.0,0.023809524
UPIYuRaZvknINOd1w8kqRQ	,0.92484343,0.0,0.07515658
URFhSrJPk7JM2pUtsuWsAg	,0.9326923,0.0,0.067307696
URwhWyzVmQLobOXDql43Dg	,0.9285714,0.0,0.071428575
UT6L3b7Zll_nvRidijiDSA	,0.91803277,0.0,0.08196721
UTXNr62dGSK-tet8OeXUcQ	,0.9318182,0.0,0.06818182
UUGoM4q4i8rK2CBRS0xDAw	,0.88135594,0.0,0.118644066
UV2Jt8slktGu14gLZeNCjA	,0.96039605,0.0,0.03960396
UY13CTgUqriT-fMxT2APLw	,0.9339623,0.0,0.06603774
UYh1N1xQhOh-a7nX92xPzQ	,0.9458824,0.0,0.054117646
UcgCSTCtPv1GeW5bKsEdag	,0.8494624,0.0,0.15053764
UdEmYOnk2iJDY9lpEPAlJQ	,0.9764706,0.0,0.023529412
Ujn9v6liwPXOBA2wYzaS1A	,0.8636364,0.0,0.13636364
Uk0_hruW6Ai5Tb47zo7IIQ	,0.8942308,0.0,0.10576923
Ul6JwluSTm12PVDIqnNaTg	,0.94545454,0.0,0.054545455
Ums3gaP2qM3W1XcA5r6SsQ	,0.90804595,0.0,0.09195402
UpW3jyJ3_kTG7oDSflwnMA	,0.93700784,0.0,0.062992126
UtsJThJWezQCAz1Ag2PaBQ	,0.902439,0.0,0.09756097
Uut2Y-n5eMO6qIn7tvEYKA	,0.9230769,0.0,0.07692308
UvF68aNDfzCWQbxO6-647g	,0.93333334,0.0,0.06666667
UwXOqtr0LCoWsGXP96fOuQ	,0.94736844,0.0,0.05263158
V1M2a6JaXPd3Z3ypgPXKmg	,0.84615386,0.0,0.15384616
V1cWGBZLQLyIiyo0iUOnyg	,0.96268654,0.0,0.03731343
V3U21fM0in_0qpKUMYPNOw	,0.9705882,0.0,0.029411765
V9bs-9SqhlryOCLy6vk6gg	,0.981982,0.0,0.018018018
VEe-_Yc1fbEtUjkACEjLpA	,0.9310345,0.0,0.06896552
VFXKmRqMw1UX852ARt4rhA	,0.8876405,0.0,0.11235955
VGWEpMEkzQopS5lUNd06Sw	,0.89788735,0.0,0.10211267
VHZPbCbIPHEkKOotdCTiow	,0.8827839,0.0,0.11721612
VKmGedwOk-16D7OawNg_ng	,0.8888889,0.0,0.11111111
VLDFjeqpUgWhnVuB_8GuEg	,0.94756556,0.0,0.052434456
VMXl3Dm1Nwvgwo1PVYTXbg	,0.8955224,0.0,0.104477614
VMr8sgoQOW0fo0qVJENajA	,0.91735536,0.0,0.08264463
VOh-vGJlUJnaAb3tgPreQg	,0.9056604,0.0,0.094339624
VR8QvH2g-jEG5EfMzA_G9w	,0.87150836,0.0,0.12849163
VUtazCTIc0aoOrQprP_s-Q	,0.93333334,0.0,0.06666667
VWtT4DKxQ4YVRWT88Z5SMA	,0.87288135,0.0,0.12711865
V_TxEdzeEs8P5nGPANOY7A	,0.9269103,0.0,0.073089704
VaKXUpmWTTWDKbpJ3aQdMw	,0.9206349,0.0,0.07936508
Vay9xHwcvu7VRZOddBgn-A	,0.89041096,0.0,0.10958904
VeBNqe1pI5QBxVbquv0uoQ	,0.9634146,0.0,0.036585364
VeFqptSzekFAc3FZOpi81Q	,0.9634146,0.0,0.036585364
Vg1C_1eqwIwkZLIXGMTW3g	,0.86754966,0.0,0.13245033
VgrFPYtK6HGUEJVc4srpWw	,0.90625,0.0,0.09375
VkOyrR6CDfhZ7hh4yOvhiw	,0.94,0.0,0.06
VrGI7_nRjXpn0415S3coGQ	,0.8509934,0.0,0.14900662
VrIskBdLuRxS0HsSimJOhA	,0.8396226,0.0,0.16037735
Vs7gc9EE3k9wARuUcN9piA	,0.9308943,0.0,0.06910569
VsewHMsfj1Mgsl2i_hio7w	,0.9243028,0.0,0.07569721
Vu641FmSuZcUBI8PymYRIg	,0.9661017,0.0,0.033898305
VxCnyVYn-FFgv6F1EqbdKA	,0.8833333,0.0,0.11666667
VyVIneSU7XAWgMBllI6LnQ	,0.92672414,0.0,0.073275864
VyjyHoBg3KC5BSFRlD0ZPQ	,0.90591806,0.0,0.094081946
W1Vn2G1disKO52jHARIZMA	,0.8969072,0.0,0.10309278
W2CzAePJakvARgoQuohbOA	,0.9191176,0.0,0.080882356
W7Dt3b6H_pMIHfxn49Pkzg	,0.8737864,0.0,0.1262136
W8apgXmOxESpoL_EeogC5w	,0.9411765,0.0,0.05882353
W9y-Bl9030-rmfxSTmUD_g	,0.98,0.0,0.02
WBt2pa7k_K2LKW2OJuXG9Q	,0.93333334,0.0,0.06666667
WCUuQMK_W4hMU9dQWjCl0Q	,0.9586777,0.0,0.041322313
WDKTg468bkRPW0LqbAZfmg	,0.86206895,0.0,0.13793103
WETHRoXB2IbixndSlOktJA	,0.91608393,0.0,0.08391608
WEoivlVObGE03PiWvVvXYA	,0.91463417,0.0,0.085365854
WO1sgbYB6u6VVcvChanp5g	,0.90909094,0.0,0.09090909
WOz66UuVsfc2K9GxzfDnGg	,0.91818184,0.0,0.08181818
WQyGqfFKd-baBTVfZWzeTw	,0.8958333,0.0,0.104166664
WRQ-9LluyivReFiQZFUujw	,0.92775667,0.0,0.07224335
WUq8HJHIZU4uteB154XN7w	,0.91566265,0.0,0.084337346
WVvqV0cmNR3j7ChPoI74hQ	,0.88372093,0.0,0.11627907
WYw3Uf56DT5IwpaLNnCH5Q	,0.9522673,0.0,0.047732696
WbJ1LRQdOuYYlRLyTkuuxw	,0.90076333,0.0,0.099236645
Wc9UpJhOcdSj7olZkz7SJA	,0.87777776,0.0,0.12222222
Wfl_ch21ojyHsPnkvvnstw	,0.9430894,0.0,0.05691057
WgBV0Sm-yNVgfI__5m1Bug	,0.8863636,0.0,0.11363637
WmHRxbW3m8cngS4e6T8Cnw	,0.95,0.0,0.05
WmLTIN4qzZ8SjpPxsPH27Q	,0.94214875,0.0,0.05785124
Wnq5to0-jXyh0-_jRZ6VOQ	,0.9431818,0.0,0.056818184
WpI5MZC3XzlTpcUOKXzCbA	,0.92477876,0.0,0.07522124
Wpd_2mn5d792KgPZUOOMHQ	,0.93333334,0.0,0.06666667
WrHu03srbhJAw6bnTIixdw	,0.9325843,0.0,0.06741573
Wxxvi3LZbHNIDwJ-ZimtnA	,0.9208443,0.0,0.079155676
X-b4-QvZLENnf3yFwhpSXQ	,0.9508197,0.0,0.04918033
X3ec1nuK2BmOULN4Kk3Fgw	,0.90697676,0.0,0.093023255
X5uxdU9GHoUAqo2wmbg3OQ	,0.9886364,0.0,0.011363637
X8c23dur0ll2D9XTu-I8Qg	,0.80656934,0.0,0.19343066
XBEx2FI2GKmsjs7eWNr7Lw	,0.94017094,0.0,0.05982906
XC06xxb7FFYsXcI2E38IIw	,0.918239,0.0,0.08176101
XMMLRvV4IMxIGyc4H37LxA	,0.9414414,0.0,0.058558557
XO2hZb0xC8jTexSHG4SxFg	,0.8,0.0,0.2
XPIUUhZyClvXW4-rT3tRMQ	,0.90909094,0.0,0.09090909
XXW_OFaYQkkGOGniujZFHg	,0.9013158,0.0,0.098684214
XZbuPXdyA0ZtTu3AzqtQhg	,0.9300518,0.0,0.06994819
XeDLyY2a7nZ3IEY4RYslXA	,0.91333336,0.0,0.086666666
Xg5qEQiB-7L6kGJ5F4K3bQ	,0.9186992,0.0,0.08130081
XgsIf7s2zM-cC29WUD-NZQ	,0.9541985,0.0,0.045801528
Xj7DIGRHEchJ-VVdISazQQ	,0.9411765,0.0,0.05882353
XjepvTIfp4iqGq1orODedg	,0.9236111,0.0,0.07638889
XkvvUNCmLIvOts0OftXegw	,0.94262296,0.0,0.057377048
XmsBtCykUtObXg4Q1mYpvg	,0.84615386,0.0,0.15384616
XnJeadLrlj9AZB8qSdIR2Q	,0.9574468,0.0,0.04255319
XndboLEYVjm3v6MQQM-TtQ	,0.9717514,0.0,0.028248588
Xs2iTWxbczvfEapAFH3cyw	,0.9402985,0.0,0.05970149
XsSgv3vBOyOBXn3Co8EVIg	,0.9051724,0.0,0.094827585
Xspg78dOvuedvuPEUwZBjw	,0.9346405,0.0,0.06535948
XvTBQotmJpVPjPNaMM7qLA	,0.8863636,0.0,0.11363637
XwQ6lQro2FKvtD0YAUeOAA	,0.9292929,0.0,0.07070707
Y-S2LhHefBdnX8VP5Bh_JA	,0.85,0.0,0.15
Y07qIurPKiUJDnTZWxZN2A	,0.877551,0.0,0.12244898
Y1-nbySEHec051ix7beSGw	,0.89534885,0.0,0.10465116
Y5CTA3S9TVkpr3Yvwaki-A	,0.8961039,0.0,0.103896104
Y7T9osP-hoqp2nLnmIi12w	,0.8764045,0.0,0.123595506
YAJzBGvqT3dT_qAg6u8E1A	,0.9047619,0.0,0.0952381
YBLVD61RFdP5H-RGLSIPUw	,0.87924016,0.0,0.12075984
YF4QJ_j-PM7cMZja6K1MwQ	,0.921659,0.0,0.078341015
YI08egmS9lWWB6N6MmrePw	,0.9529412,0.0,0.047058824
YJ8ljUhLsz6CtT_2ORNFmg	,0.86173636,0.0,0.13826367
YMZy_nGxtJtuQvflM6Ltww	,0.9125,0.0,0.0875
YNHvFEvp9VDNwX5VhRanYQ	,0.9197531,0.0,0.08024691
YPavuOh2XsnRbLfl0DH2lQ	,0.9059561,0.0,0.09404389
YQ--LJ7pvjiDSqNv0TuKTQ	,0.9055118,0.0,0.09448819
YQFcxE9UXrKc-QuTUu7twQ	,0.93333334,0.0,0.06666667
YRyYbOSwvHkZsZOLv98oQg	,0.9244186,0.0,0.075581394
YSYDJTCt5kzY2kKnLNGRiA	,0.91791046,0.0,0.08208955
YU2XR_ZY-g2VzDpi7KMzEw	,0.8920863,0.0,0.107913665
YXdR7AR-9rFGvTt5pkO5pg	,0.90643275,0.0,0.09356725
YXohNvMTCmGhFMSQsDZq1g	,0.921875,0.0,0.078125
YZGSNhgTS6YeyUYoivD-Ww	,0.919708,0.0,0.08029197
YaTlfyPieOXwHH16wzieFg	,0.8613139,0.0,0.13868614
YauBkH-HEx148jC0pv4Hcg	,0.90816325,0.0,0.091836736
YavRvjbLsvh4DYDJPAfJIA	,0.90547264,0.0,0.094527364
Ycn-l-X6joxbVQzgxjXpRQ	,0.9878049,0.0,0.0121951215
YeYtDdGRonHddnviDc1q7g	,0.93650794,0.0,0.06349207
Yevhl8bTwdJuu_LWKv-4Fw	,0.8981481,0.0,0.10185185
YgVC9NdMji-VV05w7-E1DQ	,0.9451796,0.0,0.054820415
YhCAJ8acd1X7GkCHPhD8Xw	,0.8882353,0.0,0.11176471
Yiw2jUJzUdFmglHZgj4RaQ	,0.92424244,0.0,0.07575758
YjAo1DBb0YuPE_RWmhNyrA	,0.9047619,0.0,0.0952381
YmOWkved7K8q3eXgf4NNnA	,0.94512194,0.0,0.05487805
YnmtUJGqQIQL9tz1MRyfqA	,0.90909094,0.0,0.09090909
Yq92uUpugGyJLvDtcDRunw	,0.87401575,0.0,0.12598425
YuiM5VKscO8rS1EX7f19_g	,0.92261904,0.0,0.077380955
YzlgswAwmpkMQifS3-YQTw	,0.95428574,0.0,0.045714285
YzuWj3u9BZRpxNmd1Cv3QA	,0.8562874,0.0,0.14371258
Z0CQ9oJySxJpB8RbK6NUgg	,0.89285713,0.0,0.10714286
Z0YOHYA6YtW131xULbnMzQ	,0.9232673,0.0,0.07673267
Z1E36owKeeZKDL-9ZuanJw	,0.880597,0.0,0.11940298
Z3ZSar8IVAR2qIupqxMynA	,0.90909094,0.0,0.09090909
Z5eukYH32_nFljOTC2DJ0g	,0.92574257,0.0,0.074257426
ZABjbfGvs6E3Gc2hG8cKJA	,0.9325843,0.0,0.06741573
ZAuAwz1ijuydn5yL3q3rzA	,0.9363296,0.0,0.06367041
ZCe93zAkxr2KOBU1NT0lmg	,0.8863636,0.0,0.11363637
ZCzey5aPhd7jYIoHsUfjmQ	,0.91,0.0,0.09
ZFyJ83LJkkO1dP82kzXKNg	,0.89855075,0.0,0.10144927
ZIUs7gncPOX0OXr1ZYviAQ	,0.88659793,0.0,0.11340206
ZJKvmjBinGXEagy7l1na7Q	,0.8674699,0.0,0.13253012
ZOmf-3NN4Z59b2Fw6VAM7g	,0.90361446,0.0,0.09638554
ZV3G2LxpLLuZOFbn208Z5A	,0.954023,0.0,0.04597701
ZWcXoh_RO7rT2DdcyOzyfQ	,0.9325843,0.0,0.06741573
Z_JkVkaUcN4ITVeuG-4Qtw	,0.9072165,0.0,0.0927835
ZgWjkMSzIV9fAuJJQXSUvA	,0.95364237,0.0,0.046357617
ZhLSAiRj9kANxf8m2SBfRA	,0.9468085,0.0,0.05319149
ZhjU0FkCIaG43F83TwSN8w	,0.8979592,0.0,0.10204082
ZibmYdOPKLlqDM9oR6xzOA	,0.89442813,0.0,0.10557185
ZjSzUWHtnpCfjsa7CksSOg	,0.9037433,0.0,0.09625668
ZkGDCVKSdf8m76cnnalL-A	,0.92878336,0.0,0.07121662
Zmfq3DVhHdtVChhSxzoUHw	,0.9354839,0.0,0.06451613
ZrXYLXcEcDvYYBErmafobg	,0.9611651,0.0,0.03883495
ZtsnwjxjzMUI6tDZNrJUeA	,0.9047619,0.0,0.0952381
Zvnm7o2eMaYAEHS8YRn_EQ	,0.9255319,0.0,0.07446808
Zzl4ffV9kFY3yOSSgyRUBQ	,0.9032258,0.0,0.09677419
_3FxLxdg1unUQc3QqIgJuA	,0.9326923,0.0,0.067307696
_3olhuCXhoqjy4M2rBp1YA	,0.95049506,0.0,0.04950495
_4Gpn_NIM94D9OFucgfaJQ	,0.91463417,0.0,0.085365854
_4nmPgw_CWPS9Qkerkp0tg	,0.90588236,0.0,0.09411765
_5PJ4GHIXNdUdXtohylKGQ	,0.90909094,0.0,0.09090909
_6hReDyVSr94W2WMO1LJLw	,0.9327731,0.0,0.067226894
_8VkSb_Mryb6bHQxSWB7Pg	,0.9369369,0.0,0.06306306
_8yxceldCT7oe0wJC-yDPA	,0.91358024,0.0,0.086419754
_98ytLdlPEDp0FTuO31R7Q	,0.92045456,0.0,0.07954545
_9vGmNrEcLWFOnUzeUdfag	,0.94859815,0.0,0.05140187
_DPJ_PHJnXsuhYhsgBA0Xw	,0.9558824,0.0,0.04411765
_FHuYyPSsAhQLCkdo-3WzQ	,0.9577465,0.0,0.04225352
_FXa_6j-6UDsxWo-KX7WvQ	,0.97727275,0.0,0.022727273
_IZyyv0dFfpIy_rI_-nwTQ	,0.98333335,0.0,0.016666668
_Kd0kQ8RF70hJ1ykLqCRyQ	,0.88235295,0.0,0.11764706
_PVqHUwjev4oOXomC7pk3w	,0.8636364,0.0,0.13636364
_R1jBQQieKpNGMBqmrLRyA	,0.90804595,0.0,0.09195402
_SzR2YKGpzdU3xC7VwaJGw	,0.7346939,0.0,0.26530612
_WtxQbDK7B-ExGdeG-2j6Q	,0.9318182,0.0,0.06818182
_WvEXsx2eZ53lTWHlIx9kg	,0.9009901,0.0,0.0990099
_YHMJ_bFgSoZbiZ6MDf2kw	,0.8795181,0.0,0.12048193
_YUcCnJXjUgkS9fSnNi0Ow	,0.9477612,0.0,0.052238807
_ZfjpSEO5ntk-1hbnwCR4g	,0.8888889,0.0,0.11111111
_ZwDLtBopUHb6F2mIPFUJg	,0.90677965,0.0,0.09322034
_guNmxJd4Ep6S3pBZdAjGA	,0.9435484,0.0,0.05645161
_ixV2SWDy7w8jzEAHp85qA	,0.85882354,0.0,0.14117648
_j2EtQtgLuXGRBfbM5YwZA	,0.85714287,0.0,0.14285715
_kdpjoGrIzA64E6aXHA66w	,0.95683455,0.0,0.043165468
_l_jPBg-oLuRSt9dbQ9ShA	,0.8684211,0.0,0.13157895
_n3w5BK4-k7iXCWifCjUZg	,0.8888889,0.0,0.11111111
_pBXtjN43eqMV0XZTz7nmw	,0.92690057,0.0,0.07309941
_sOni_t0FvAQuUDBEGe3Gg	,0.90839696,0.0,0.091603056
_sh6mIBWZis66mAjkjN8Qg	,0.8796296,0.0,0.12037037
_w5hBpkjHs5_Hv3pLeHtIw	,0.90804595,0.0,0.09195402
a0v7Si0DK4cIko7AQY4YXg	,0.956229,0.0,0.043771043
a192hdM0_UVCYLwPJv1Qwg	,0.928,0.0,0.072
a1KXovXPdeDurOrER4ST6A	,0.9897959,0.0,0.010204081
a2ZBDIXmwBm7IWnXR6LK-g	,0.9296875,0.0,0.0703125
a9k9MQrr5KFyMD7_Lnwrhw	,0.93203884,0.0,0.067961164
aBLx9JlAMq_AuW6VAImSwg	,0.89215684,0.0,0.10784314
aD0EslPREWGDlSpD0RMlEg	,0.90039843,0.0,0.0996016
aGDo7GDN5YLvpYykpSLkbw	,0.9325843,0.0,0.06741573
aIZQF2UCLv6ru-zsPK4H2Q	,0.94392526,0.0,0.056074765
aKcqKNcbwNydCBnvAA4TeQ	,0.92523366,0.0,0.07476635
aLcFhMe6DDJ430zelCpd2A	,0.9050279,0.0,0.09497207
aLlREPOEtt3JzeDCagHytA	,0.86440676,0.0,0.13559322
aMF8cG445ONPRKBsBYqofg	,0.9727273,0.0,0.027272727
aNe8ofTYrealxqv7VtFTuw	,0.9444444,0.0,0.055555556
aO1gAp41n8w8zpxTiHdLNA	,0.92105263,0.0,0.078947365
aQ222ydz_GSRZV66xNt4kQ	,0.9206349,0.0,0.07936508
aRngE8bFUhtHs3INz_QMmA	,0.8941799,0.0,0.105820104
aSGCy2a57p-vdY8pHVu5Kg	,0.89772725,0.0,0.10227273
aT_SsfZ6GQgJGyuIv1Hapw	,0.9259259,0.0,0.074074075
ajoqEHnCZTD8-8GqGLq9-Q	,0.9108635,0.0,0.08913649
amNromvj2O7OAYYrlDEUcQ	,0.87333333,0.0,0.12666667
anzCdD5eIEHwydTpXhLlUA	,0.95424837,0.0,0.045751635
apdb7MGnmnx6nGWBJ0ch_g	,0.94512194,0.0,0.05487805
aqONNC5onqX6EqHHUO1CJA	,0.94736844,0.0,0.05263158
aquwzx3ZsiG8l83lpnWF3Q	,0.9361702,0.0,0.06382979
aqwn3jdQLCWnb59gHK4nAw	,0.9347826,0.0,0.06521739
atVh8viqTj-sqDJ35tAYVg	,0.8765432,0.0,0.12345679
auTNigMttjBBTj1MNxOeFQ	,0.9477612,0.0,0.052238807
avkOIpslBUFZMQhELpl3JQ	,0.93333334,0.0,0.06666667
awI4hHMfa7H0Xf0-ChU5hg	,0.8273273,0.0,0.17267267
axi57Y3h5c8BxM1Xyj0KBw	,0.959596,0.0,0.04040404
ayOJSIl-P16HZAQBcQfUyQ	,0.9285714,0.0,0.071428575
b1WGIdd_oSwGYZtC769Shw	,0.925,0.0,0.075
b5epWgPoVcXoMJdCCzFMUw	,0.9285714,0.0,0.071428575
b78V2YgEGGb4sp0wdbz57g	,0.8737864,0.0,0.1262136
bLCdohUvOM7l1OcXifmblw	,0.9237288,0.0,0.076271184
bOE2ArZhAvQFyGJhPxcCBQ	,0.952,0.0,0.048
bPcqucuuClxYrIM8xWoArg	,0.9469697,0.0,0.053030305
bQ_wtZvMb__OhprY5bF9aQ	,0.96428573,0.0,0.035714287
bRR4gsjHv0F_RnRGjQBqlg	,0.9404762,0.0,0.05952381
bRZSm_1UQdmU6QWZfO9h6w	,0.95652175,0.0,0.04347826
bVyUa0O4U-c4b3b3U7ojoA	,0.99248123,0.0,0.007518797
bZtukyhyV1oVmUU3yRBPbQ	,0.88990825,0.0,0.110091746
bcJmbFHVAkLFqhJbUTdbyQ	,0.91358024,0.0,0.086419754
bfIizwyT3-QXrntWbBpfKA	,0.8785047,0.0,0.12149533
bk4FIHt8ODRBPfqL4Fd2aQ	,0.9230769,0.0,0.07692308
bp5ARRJu3_8CBsAS4tOWhA	,0.8244681,0.0,0.17553191
bpRo8L8dkhgbJhdIKa9mwA	,0.9111111,0.0,0.08888889
bsauQzwixetBDjA7SqUlVA	,0.9469697,0.0,0.053030305
bsrj9_hFAql3dlSf244zpg	,0.8576271,0.0,0.14237288
buTa1akbH0pO_P10v99_eA	,0.9044586,0.0,0.0955414
bvow46stEejfxnnqEKTAyQ	,0.9489796,0.0,0.05102041
bzI2YREsxDomhVvvaZmcSw	,0.9747899,0.0,0.025210084
bzbNGyrTwWHAgg1CqkSgeg	,0.9056604,0.0,0.094339624
c9SKd0bIR6nNzXOVCbOi_A	,0.94285715,0.0,0.057142857
cHdJXLlKNWixBXpDwEGb_A	,0.9017341,0.0,0.098265894
cHwgtVdvZVn0AQFtWtUXXg	,0.94949496,0.0,0.05050505
cJWbbvGmyhFiBpG_5hf5LA	,0.90681005,0.0,0.09318996
cKdox2gt3L1Dbb7MpOPdWg	,0.9010989,0.0,0.0989011
cKgUCzMGuRgkbKXUsgeXUw	,0.8938053,0.0,0.10619469
cPmThZ7Ugpd8eJnIObOy0Q	,0.9338843,0.0,0.0661157
cTJjTKz2huGZ-ElScC2pSw	,0.9324675,0.0,0.067532465
cTZmf7B-4yciMc1WKiCVOA	,0.9166667,0.0,0.083333336
cWhkUugfw9c4YoXPxXp3CA	,0.9305556,0.0,0.06944445
cY0dmtyezGc3OvGzDTduog	,0.8014184,0.0,0.19858156
cYwJA2A6I12KNkm2rtXd5g	,0.90836656,0.0,0.09163347
c_iQzwsTDYraPvHSKz88QA	,0.9034483,0.0,0.096551724
ccGIAOl08zHt2lcn_UxPfw	,0.9030837,0.0,0.0969163
cclDCELdBQmJMWUyVWo5fw	,0.9518072,0.0,0.04819277
cdPnRYnfKrbeEUAoSJONtw	,0.85555553,0.0,0.14444445
cykzJbkgweJvZsvkrHMR7g	,0.90178573,0.0,0.09821428
cz5vz-893D3LNH3TMQYR1w	,0.97126436,0.0,0.028735632
czyhvf93Txsfxdxqcm16mA	,0.9174312,0.0,0.08256881
d10IxZPirVJlOSpdRZJczA	,0.9496644,0.0,0.05033557
d1pB6SLzLb-4lFq8y5tEnQ	,0.9444444,0.0,0.055555556
d4qwVw4PcN-_2mK2o1Ro1g	,0.8994709,0.0,0.1005291
d6_UHGiMQb5_m8mi_tRc2Q	,0.59322035,0.0,0.40677965
d8lmIZIqmBC9oPM8y1dc7Q	,0.9108911,0.0,0.089108914
dA7ORbBrCdxoMlvn3I6JDA	,0.96428573,0.0,0.035714287
dCUuzw3R2rPqKyN2Zl9zRw	,0.9166667,0.0,0.083333336
dEAk-gE-5Q95a7p91gNn8A	,0.93856657,0.0,0.061433446
dEi4_bO8ydNHgcRNKV8q6g	,0.93119264,0.0,0.06880734
dGuVYsA5DMCm_TjSbX6x7g	,0.9612403,0.0,0.03875969
dIA4aUlrRHthZDH5oqwuvg	,0.9431818,0.0,0.056818184
dIqMQYs6tmowQUygS8sQ6A	,0.9047619,0.0,0.0952381
dJF4C707KVhFx1qcRJhlEA	,0.9122807,0.0,0.0877193
dJWWqmoqZapsKftvExjwXg	,0.9010989,0.0,0.0989011
dKdApYVFDSNYsNOso6NYlA	,0.81,0.0,0.19
dLc1d1zwd1Teu2QED5TmlA	,0.9520548,0.0,0.047945205
dM8Yp8StA1NdusK5Ta_j-g	,0.96385545,0.0,0.036144577
dNr7VKRti8dXWE-jzfVBtQ	,0.84761906,0.0,0.15238096
dOGLTIMqqQZn8xxBRsU6CQ	,0.8863636,0.0,0.11363637
dUffgo9Lh_Vk9TLuFR5ywg	,0.87323946,0.0,0.12676056
dWFUKB_HPBIE87AFBHEb_w	,0.6122449,0.0,0.3877551
dWk0mbhj79pK3WBp5oLtpw	,0.9419087,0.0,0.058091287
dWrezcuIAO-Ckx1W0gu5jg	,0.9072165,0.0,0.0927835
dYDuaXVyIXMXlmeMYf2ktw	,0.9415584,0.0,0.058441557
dYMhfzyZyklXELmYq_wfKg	,0.89361703,0.0,0.10638298
dZB5VuI4mCVRz8qQUwUgCg	,0.9398496,0.0,0.060150377
d_L-rfS1vT3JMzgCUGtiow	,0.93775934,0.0,0.062240664
dcqHjnmKPDdOseYEo6SdAw	,0.94871795,0.0,0.051282052
deuHIeaTY8ns_GZAxU5H9g	,0.9512195,0.0,0.048780486
diY31IEunbV8MfDh81FS1A	,0.81751823,0.0,0.18248175
diaiQrxYFU1V5qxrFnW9fg	,0.8811881,0.0,0.11881188
djbZ5uQPKw9N4Dq9QXhdNw	,0.8586956,0.0,0.14130434
dk1MV0MP32Xq-iBxzewl0A	,0.8045977,0.0,0.1954023
dm6sO_Y8JdKTE1ZM955yug	,0.8787879,0.0,0.121212125
dn51F67VLgPuqy_8SFk9oA	,0.8347826,0.0,0.16521738
dn_ipqbm7_jUz5X3rDez_A	,0.9189189,0.0,0.08108108
dxeu5YQIzw0jOp1cSVkimg	,0.98888886,0.0,0.011111111
dxvsOCvRPnHB6P3IN-KDuw	,0.97530866,0.0,0.024691358
dzKDFiWLkspVBJKGfT0M2g	,0.8877551,0.0,0.1122449
e-cxqDjKEHEcISP2iGcZxg	,0.86259544,0.0,0.13740458
e0CTLPxTnFEQSqQ1FJUqog	,0.74242425,0.0,0.25757575
e13SEvJud_vgeDR_doL4sQ	,0.95652175,0.0,0.04347826
e41TP5cXZqSrz50xCBJqZw	,0.8965517,0.0,0.10344828
e4NQLZynhSmvwl38hC4m-A	,0.9196787,0.0,0.08032128
e5Qw3r7mkwPLcdDzZzTeew	,0.9306931,0.0,0.06930693
e7N0AW-sKkJmRIpEovxBAg	,0.8645833,0.0,0.13541667
e9UsRb-fmza5ukU8Ftduew	,0.9590164,0.0,0.040983606
eAZqT24e0Pk8apWzy3RsAQ	,0.9032258,0.0,0.09677419
eAc9Vd6loOgRQolMXQt6FA	,0.8997093,0.0,0.1002907
eBj_YyJU5jVu6tbZCkdtDA	,0.9516129,0.0,0.048387095
eDdhZZBHEi-TRWQ2xhRI5g	,0.95348835,0.0,0.046511628
eDlgbI0Qg_mmI-Osvci0gw	,0.9206349,0.0,0.07936508
eEnNw3_hBvxcFHyr23kAuA	,0.90697676,0.0,0.093023255
eJKnymd0BywNPrJw1IuXVw	,0.93421054,0.0,0.065789476
eLFfWcdb7VkqNyTONksHiQ	,0.90829694,0.0,0.09170306
eR7Iw_X54m3YLWkXp9y35Q	,0.9375,0.0,0.0625
eS29S_06lvsDW04wVrIVxg	,0.9268293,0.0,0.07317073
eS76100l3h7Ollb5s3_M4A	,0.9259259,0.0,0.074074075
eSLwC2iFJOU4UWXyuPiTpg	,0.8584906,0.0,0.14150943
eUuKXhloFVHdQsLdodcLbw	,0.9380531,0.0,0.061946902
eZDXz_RylvdD0tHEA8I0NA	,0.89320385,0.0,0.106796116
eZcCFV-8X91ZSnmB9807bw	,0.8987854,0.0,0.10121457
eaNenRk_liZBERFFLCXqqQ	,0.9368421,0.0,0.06315789
ebEP_MZngIWKH0Ixobcqhg	,0.9056604,0.0,0.094339624
ebTvBxSStI9Vf5Tpux_X3Q	,0.9194805,0.0,0.08051948
eduRavkml8awmPachSZXuw	,0.9119718,0.0,0.08802817
egpDg61SdYbKWvCpPM7Nbg	,0.92727274,0.0,0.07272727
ejaUQ1hYo7Q7xCL1HdPINw	,0.94736844,0.0,0.05263158
elqbBhBfElMNSrjFqW3now	,0.89224136,0.0,0.10775862
eoHdUeQDNgQ6WYEnP2aiRw	,0.906383,0.0,0.09361702
epETdeCmoF_-ufT5b8ACUA	,0.8955224,0.0,0.104477614
ept9mIlqGIsemr6w0RczaA	,0.9166667,0.0,0.083333336
eq-SNqLqUP5rAc_PZAHuEA	,0.9756098,0.0,0.024390243
esBRj9uPRzwxaW4Lz1XGLA	,0.9313725,0.0,0.068627454
ewmTwsZqCHH2gvCeDKz0dw	,0.94413406,0.0,0.05586592
f2BFIjiKorIh9SARv8s_ug	,0.88505745,0.0,0.11494253
f4kNNLU_0q_2J711jCN7dA	,0.90361446,0.0,0.09638554
f4x1YBxkLrZg652xt2KR5g	,0.8625,0.0,0.1375
f5O7v_X_jCg2itqacRfxhg	,0.91735536,0.0,0.08264463
f6CTsNX30XmC8siHWYV2bA	,0.9099099,0.0,0.09009009
f8IMQgRwo-8GP372MElDGQ	,0.8606061,0.0,0.13939394
f9sU31meK0bqAD7922sCog	,0.92805755,0.0,0.07194245
fHM09_y3QX3n4a_bIFbk_w	,0.8980892,0.0,0.10191083
fJ7uw4dDFIga57868Oz1EA	,0.9368421,0.0,0.06315789
fKlr9qNoV37WQJwQ826POg	,0.9404762,0.0,0.05952381
fKm6mfATDJRDDQH0PtZeeQ	,0.9044118,0.0,0.09558824
fL-b760btOaGa85OJ9ut3w	,0.9211009,0.0,0.078899086
fOnpoMXToa5Qiyg95E6ENg	,0.9220779,0.0,0.077922076
fQt4D34vcJNtEf8Q4zte3w	,0.8787879,0.0,0.121212125
fQt9QVAZM9PM0wFDdROvWw	,0.87169814,0.0,0.12830189
fS9a8AGrcwWPf_9vfn5wPQ	,0.94,0.0,0.06
fSBhe0A6Dfa8JCYccfpMog	,0.94505495,0.0,0.054945055
fT6Uwl6abRQfiNgxre_qbg	,0.936255,0.0,0.06374502
fTtkz2RhWNAp6jKiIzXf_A	,0.96590906,0.0,0.03409091
fW7SHgmidc32kHSoyLTM2A	,0.91240877,0.0,0.08759124
fWetLvfQXqpZcBQLHldUhA	,0.8208955,0.0,0.17910448
fZM_o3kKZ9mR-1pvBeow8A	,0.91588783,0.0,0.08411215
fZioXnBVf-KAsCFX-P2whg	,0.92727274,0.0,0.07272727
f_DnhukOHbKbR8vFHDUDaA	,0.9148936,0.0,0.08510638
f_eiOrEcMnkHB7GvQVOHkQ	,0.97115386,0.0,0.028846154
fa1G6WoSdvAO8dzM4FYbUA	,0.8888889,0.0,0.11111111
faPVqws-x-5k2CQKDNtHxw	,0.86915886,0.0,0.13084112
fbQaKW0Lte0JQ_opbnjdKg	,0.9071429,0.0,0.092857145
fcWkZgmzRsm3H4egzSrV_A	,0.82481754,0.0,0.17518248
fe8_IsDmaMkfvvVEBnV5nQ	,0.85714287,0.0,0.14285715
fjapWp89YVCeKvW51KUDQw	,0.9508197,0.0,0.04918033
fknU3sWplCBn26b6HwJ1kQ	,0.95789474,0.0,0.042105265
flE7Sn2JGs0n3SAtaep6Zw	,0.9230769,0.0,0.07692308
fo0I_-vX1xNsjS2JcnhlMw	,0.8737864,0.0,0.1262136
foQZ6guS0l49trURKh7vlA	,0.90909094,0.0,0.09090909
frCxZS7lPhEnQRJ3UY6m7A	,0.9351351,0.0,0.06486487
g3g3dWFoVSYhXQTs4ctGyg	,0.9142857,0.0,0.08571429
g62SlImzhs6_1t-knPjd8w	,0.9528302,0.0,0.047169812
g83WbX_recywc4DEIZ-xug	,0.9587629,0.0,0.041237112
g8OnV26ywJlZpezdBnOWUQ	,0.8775811,0.0,0.12241888
g8oxQ1Ji9mr9PMjhEfaWSg	,0.8091603,0.0,0.1908397
gA9hCYY7MYl9oZ3aym5dvw	,0.9285714,0.0,0.071428575
gBEWJ4b2OvUmN4Oh7ju3hw	,0.9238095,0.0,0.07619048
gBfPyzPRmeOaj3SdcIj0Rw	,0.91525424,0.0,0.084745765
gDOuHjntsN37XEjROoQ2Aw	,0.9032258,0.0,0.09677419
gG9z6zr_49LocyCTvSFg0w	,0.90189874,0.0,0.098101266
gHoP4eJimaMltfUlp6EP4Q	,0.9528302,0.0,0.047169812
gJd1jOcl5FdqY020Q19n6Q	,0.8924051,0.0,0.10759494
gNER9lE1Ma9FLm9MBsvYgg	,0.9099099,0.0,0.09009009
gONNfEoNaRLNtgaAcxwsLQ	,0.9489796,0.0,0.05102041
gO_z_5FQVHLCiJjOsfE1fg	,0.9431818,0.0,0.056818184
gQMAcDm8kv8ev7x2BshMwg	,0.90384614,0.0,0.09615385
gRCEObNuHtI61xR32ytqNQ	,0.85620916,0.0,0.14379086
gSPqD1DR3lzgoaifIhdF_w	,0.89719623,0.0,0.10280374
gTlDDzDEHyDQ6iwjNhpI6A	,0.9375,0.0,0.0625
gTw6PENNGl68ZPUpYWP50A	,0.89,0.0,0.11
gVgSl9anfzYn8dMdmmFNsg	,0.89534885,0.0,0.10465116
gWeYW0E5Tfmmj_9fugfLNw	,0.90640396,0.0,0.093596056
gcNC4k7TZJVX_1YHdIkDNQ	,0.94736844,0.0,0.05263158
geM1jmxPxrbCPp7EztQxsA	,0.95652175,0.0,0.04347826
gjzQoi1AkRxYRl8-dFGGPQ	,0.95327103,0.0,0.046728972
gogO5RF4Rqz2THF1ATcCew	,0.9338843,0.0,0.0661157
gqdqnFg2lYeSyS20q2ZK_Q	,0.9625,0.0,0.0375
gtB-1QxTscdPj78UE5sWuQ	,0.8979592,0.0,0.10204082
gugN1sgyheBJ6aKtNcv_gQ	,0.9082569,0.0,0.09174312
gwYt_q3Ob7aQJIefIBsZiQ	,0.9444444,0.0,0.055555556
gx2yPrOJSwF1ApJYdGBWIw	,0.92820513,0.0,0.071794875
gxEkxkqQrrK62DJnXxXDLg	,0.8703704,0.0,0.12962963
gy-HBIeJGlQHs4RRYDLuHw	,0.925,0.0,0.075
h3pMMRwqBjMeMtk0_qQzRQ	,0.94545454,0.0,0.054545455
h5a8aJ_Pd71JzUGFA-IaAg	,0.9270833,0.0,0.072916664
h6Y1-KfN2XBkcrV85CS8yg	,0.9021277,0.0,0.09787234
hDDh3dtuFZyty5KOUN0JmA	,0.9150943,0.0,0.08490566
hDL3Q-GNQlOuE04_zWEMJA	,0.877551,0.0,0.12244898
hDlRzzxfVkVNjnveJ8sLmg	,0.89361703,0.0,0.10638298
hHtOsr-NMviBKlMqDBeI9Q	,0.9722222,0.0,0.027777778
hIUKufhwR6Ifn7bi0-phLA	,0.9403973,0.0,0.059602648
hIgGkG1JnHX4xmVuOgegDw	,0.96907216,0.0,0.030927835
hLrrgQwn-K-IPI8g2etAoQ	,0.87777776,0.0,0.12222222
hNsRj2nXuALlJS4Op-8MmA	,0.9029126,0.0,0.097087376
hPclwunHi36YV8cPghWJBg	,0.94630873,0.0,0.053691275
hRK876bEBdPYAJKbg6pCEw	,0.97590363,0.0,0.024096385
hRL_qCrcu9UL773su0QabQ	,0.9175824,0.0,0.082417585
hRQS8y-uG2kc8miWVYiLuQ	,0.9325843,0.0,0.06741573
hRZadfm7OEOzk0qjuk8BXg	,0.94262296,0.0,0.057377048
hYX0z2C6Th5XmcrKOP31fQ	,0.9504132,0.0,0.049586777
h_4dPV9M9aYaBliH1Eoeeg	,0.78125,0.0,0.21875
h_g5HV6Fw2rinZ3xqFwygw	,0.9139785,0.0,0.086021505
hcFSc0OHgZJybnjQBrL_8Q	,0.902439,0.0,0.09756097
hgWMxKhrnOUd3m5nOUBIkA	,0.88022286,0.0,0.11977716
hiYuO0EYA5f7gldK-zDXEw	,0.8854167,0.0,0.114583336
hihud--QRriCYZw1zZvW4g	,0.97902095,0.0,0.02097902
ho08r5RNItiD2iKgEeocIA	,0.9431818,0.0,0.056818184
hojZyJk1Wf2UE2CpG7cgIg	,0.9594595,0.0,0.04054054
hpnFcRFzs3kg-qM1tPEg3g	,0.91780823,0.0,0.08219178
hq17ShjPKHnGn5DGnHrsXw	,0.9634146,0.0,0.036585364
hrhtWc8UcoZqYr2d7YPgEA	,0.8543689,0.0,0.14563107
hroo5nOO8b9QhHX0GLg7oA	,0.92525774,0.0,0.074742265
huk3l1YLv75Ew9rci3FNcQ	,0.8255814,0.0,0.1744186
i066yR2IDP4FWt6p-k9aFg	,0.95049506,0.0,0.04950495
i9D9xPBV0gR1Ja9kbY4NCw	,0.93939394,0.0,0.060606062
iA8Ve2sZKN5Vz3mYKrtCaQ	,0.91020405,0.0,0.08979592
iAuOpYDfOTuzQ6OPpEiGwA	,0.90816325,0.0,0.091836736
iB9By3dVS6BydSUiDHxLyw	,0.9117647,0.0,0.0882353
iBihgoxc6Ot7m2D4D3z0QA	,0.9322034,0.0,0.06779661
iCQpiavjjPzJ5_3gPD5Ebg	,0.92739594,0.0,0.07260407
iGEvDk6hsizigmXhDKs2Vg	,0.95394737,0.0,0.04605263
iIwKW2cBAxjElE8eUzjwqA	,0.864,0.0,0.136
iJi7yebXoPVXRyGqqL-v8g	,0.93714285,0.0,0.06285714
iPM85PQMs7QoAxw-Og9ChQ	,0.9433962,0.0,0.056603774
iPM8BXV6vEVEci8ttsOObQ	,0.90229887,0.0,0.09770115
iPPzDL_oY8SJCjmycuXcVg	,0.90816325,0.0,0.091836736
iPWlBvIjyr9-xg_WbL-Z1Q	,0.84821427,0.0,0.15178572
iRwT2pBa87Y54q8nqfNAzw	,0.95424837,0.0,0.045751635
iSQwKRrLYYi-dI2PpJmJJg	,0.89759034,0.0,0.10240964
iXjuDp2vlAC6Nvfw4Hlzkw	,0.92771083,0.0,0.072289154
ibFdignja_hNpgCjDYP7Ug	,0.9266055,0.0,0.07339449
if59L5DHM4pPMrCx9HuD8A	,0.8446602,0.0,0.1553398
igHYkXZMLAc9UdV5VnR_AA	,0.9305136,0.0,0.0694864
ii8sAGBexBOJoYRFafF9XQ	,0.87089205,0.0,0.12910798
ipFobdM6X_4SNMA9ZBfdAQ	,0.9770115,0.0,0.022988506
iqQEH6olFhpqwZjFRRFmuA	,0.9318182,0.0,0.06818182
ixAh9crILnJ9tM8LhWFhkw	,0.92607003,0.0,0.07392996
j0_DUr3vBXY-JP-b0bf93A	,0.92241377,0.0,0.077586204
j2bx_ctb_ED3zbfSaqhQmQ	,0.92903227,0.0,0.07096774
j3IEZP4nQAt7fkxmerLMbA	,0.8902439,0.0,0.1097561
j5nPiTwWEFr-VsePew7Sjg	,0.89694655,0.0,0.103053436
j7zJxmr8BfYJhC3KW9BshA	,0.88018435,0.0,0.11981567
j8pUAS0qdEcPsjkqEDNbhw	,0.84210527,0.0,0.15789473
jBhOVAEdnzCJvgSnvA4UDw	,0.88,0.0,0.12
jBs2HmEOkqCvdHNnw3N-og	,0.9318182,0.0,0.06818182
jCR-xC4NqoEajjmstqX8sA	,0.9433962,0.0,0.056603774
jIzygnVmajEXYmfsBNY_Gw	,1.0,0.0,0.0
jJoPLIhCjkGXy59I4Jl6zw	,0.87777776,0.0,0.12222222
jKmAswXvFVRHN4VP-88zOA	,0.96062994,0.0,0.03937008
jKrlc4xQIvfzDZ8eNfqxwg	,0.95604396,0.0,0.043956045
jLxeBgWhLRbII2ACkgH1Sg	,0.9622642,0.0,0.03773585
jOJaJatp88cqnkVo8D8RJg	,0.9612403,0.0,0.03875969
jRfQX8enRhWHf7V5zP5U8g	,0.9504132,0.0,0.049586777
jWv5GUtEp30OD5L5C8c2DQ	,0.9264214,0.0,0.073578596
jXHmmircEbhQmZjWDR1xIA	,0.939759,0.0,0.060240965
jaJnPIX9VxsFyfV5zQwk0g	,0.9153846,0.0,0.08461539
jc4Wlgme6xI0-c1U_AKuBQ	,0.9357798,0.0,0.06422018
jfmyj519pg2flxGEQ2xdPg	,0.9054054,0.0,0.0945946
jgtWfJCJZty_Nctqpdtp3g	,0.93333334,0.0,0.06666667
jlYeXBYzQKhomXZmT0aA1g	,0.85987264,0.0,0.14012739
jlbP9Yd0AQP8OlcsFkZ4hQ	,0.88559324,0.0,0.11440678
jmyvOW6G2T1fIePvajB4nQ	,0.9484536,0.0,0.05154639
jobP3ywRd3QNZ_GCoPG2DQ	,0.92156863,0.0,0.078431375
jq9gzjKbVWgeMYzA0aFzxw	,0.9285714,0.0,0.071428575
jqAdZf9PJo8lsRskc6T1Sw	,0.9518072,0.0,0.04819277
jrE4M9HlYp2AZZ7iQCSIRw	,0.77227724,0.0,0.22772278
jsuUmIEefPjV__ads62Z5w	,0.92436975,0.0,0.075630255
k-drEjxKmfqllwfY90STfA	,0.9634146,0.0,0.036585364
k1QpHAkzKTrFYfk6u--VgQ	,0.96,0.0,0.04
k1c_bC3DK6mKg797vH1T8w	,0.91875,0.0,0.08125
k6pWX0v60LIRS2guzkpxqQ	,0.9576271,0.0,0.042372882
k6zmSLmYAquCpJGKNnTgSQ	,0.87234044,0.0,0.12765957
k7Sy557_ZaQSGHFlZgeJzw	,0.95,0.0,0.05
k8BqCejnaMlw7aoVthvqyw	,0.94285715,0.0,0.057142857
kABF0hYfAEnl166mn1zR1A	,0.8969072,0.0,0.10309278
kBJfBVaXJtPEKLTov1hJdQ	,0.9327731,0.0,0.067226894
kEC675O6YwRH30ImVxBCCA	,0.90361446,0.0,0.09638554
kImf4ivgHInr7kTTJWaVhg	,0.9655172,0.0,0.03448276
kJAmLFgiIjtjULunpr3NNg	,0.78417265,0.0,0.21582733
kPR47uxGqmQNIQkIZr2_Tg	,0.9150943,0.0,0.08490566
kPorLswaS8h4xy-notLk9Q	,0.94578314,0.0,0.05421687
kROYR_6mVfg9WgJ7z1HOSA	,0.8494624,0.0,0.15053764
kRgAf6j2y1eR0wOFdzFAuw	,0.9385246,0.0,0.06147541
kRlbNhkKnmN_jy6zz_gqhg	,0.9361702,0.0,0.06382979
kYvZZ_aKaKLQKeyms74T2Q	,0.90756303,0.0,0.09243698
kblFxfo_xnMUZF0U0aGXQw	,0.9056604,0.0,0.094339624
kfFRCUP1RXY_jNnBQCOsEw	,0.89534885,0.0,0.10465116
kj1p6NwUGROOoqNySf0I1Q	,0.892562,0.0,0.10743801
klddGAcNIpE_aB5sd1hNXw	,0.9273504,0.0,0.072649576
km5aBHRss5ir_B0jvEErzQ	,0.82,0.0,0.18
kne4oWWLq0FFHLA-gWuqoQ	,0.95348835,0.0,0.046511628
krPKgiC0EolDhSHz3kLp6g	,0.8795181,0.0,0.12048193
kxYiZnd7Y-3ibdwnMFuTzw	,0.9,0.0,0.1
kzwiQ54fopeTgGEIkgJ2dQ	,0.8518519,0.0,0.14814815
l-D0uS-tgmhkFpHKBXvPQA	,0.8118812,0.0,0.18811882
l-Zjik0MbpabQPv-nNp9YQ	,0.91,0.0,0.09
l3joBBpkq0ib11dKUpKMAw	,0.95302016,0.0,0.046979867
l7jiGdlo-6QdrkguYaAgvg	,0.87096775,0.0,0.12903225
l8k4gOEkfoLKq0mPVWHWGg	,0.8739496,0.0,0.12605043
lAR6Lj6-zBxQNqflZt0zTQ	,0.9222222,0.0,0.07777778
lGy7jJ9oVZUJNkmZj7ewgA	,0.86885244,0.0,0.13114753
lIDgEB1HnKAq03H1fpjzLQ	,0.94949496,0.0,0.05050505
lKH_cqeaeVpHdsO2dK58OA	,0.8877551,0.0,0.1122449
lKOvx_aAXiXQGooZ-4bq9Q	,0.8978102,0.0,0.10218978
lKom12WnYEjH5FFemK3M1Q	,0.86764705,0.0,0.13235295
lKq4Qsz13FDcAVgp49uukQ	,0.94186044,0.0,0.058139537
lOQPeguczAueJnLmDUTfGg	,0.95424837,0.0,0.045751635
lRu8vTCSOuxx4JfhSnRsMQ	,0.93939394,0.0,0.060606062
lTixk1IT-D4hoMZ6LgoyHQ	,0.95897436,0.0,0.041025642
lYsq47uDzdjYUGtyUq8aaQ	,0.9139073,0.0,0.08609272
l_GV0hgEoTUf70uJVT0_hg	,0.9048913,0.0,0.095108695
le3JWiS5uZTkofP90Rm0pA	,0.9430894,0.0,0.05691057
lfyg98UFNYMVk18p6LIlkw	,0.94174755,0.0,0.058252428
lgWB0yGXpZvupYREWxtV7g	,0.9724771,0.0,0.027522936
lkjgZcgbpbYR_mXoGXWmQw	,0.9354839,0.0,0.06451613
llQfDCKPXBW1-hSb_qUC-g	,0.9120879,0.0,0.08791209
llZrbubcGWC-kXShnJLyQg	,0.8857143,0.0,0.114285715
loSgYD9dHOsjjm7QCly5qw	,0.92783505,0.0,0.072164945
lpYFsXFrojiBZ1kbWR2lZw	,0.94527364,0.0,0.05472637
lwC0U4xU7T2qyCBRmrWFXQ	,0.78,0.0,0.22
lweobd-AOEP1lYNTfhuHhQ	,0.88235295,0.0,0.11764706
lwpQQflP1CGJPV7QLybzOg	,0.94,0.0,0.06
m1Y47fK3vWCJXV3TdCn_Xw	,0.8938053,0.0,0.10619469
m2zASwlOL2vecCKHfmGAnQ	,0.9756098,0.0,0.024390243
m51uL1LZhKYf2y_yG4NEng	,0.8897059,0.0,0.11029412
m5niZy68d2gTtVWz89elfA	,0.9237288,0.0,0.076271184
mD7zqv7Y3kvsa_p_MtTayg	,0.9185022,0.0,0.081497796
mDR12Hafvr84ctpsV6YLag	,0.92622954,0.0,0.07377049
mDoLWEOFmxcQ5TAPqxoJLg	,0.94382024,0.0,0.056179777
mPfdYJj4d5KBPINDkaZY-Q	,0.9104478,0.0,0.08955224
mShOJ9qFk79KnZq7E8k9hQ	,0.9479167,0.0,0.052083332
mUVAMNN7BCQ9HGA9w_7C1g	,0.90123457,0.0,0.09876543
mUdalYTuAtnZm2K9zoH27Q	,0.94,0.0,0.06
mVomtOMgBxbGvdPSaF2HjQ	,0.9032258,0.0,0.09677419
mXyLqsbe7FT1X8ZFOP8WpQ	,0.97540987,0.0,0.024590164
m_CqRpEZ2XDH3fp-KFAycQ	,0.93846154,0.0,0.06153846
maIam6HyU4FB_sBIk9ippA	,0.9139785,0.0,0.086021505
makqSKZaz1aUipoWBW0BsA	,0.9354839,0.0,0.06451613
mbLguBsFuy34zKlor2xcIg	,0.9009009,0.0,0.0990991
meXjqyhTNLFmknY39y2sMg	,0.9,0.0,0.1
mjhwLcuoenVW8oFhcNmlHA	,0.8111111,0.0,0.18888889
ml916FaOdF870Jrk0ZQETA	,0.92,0.0,0.08
mlCDsdVFuZvRGrJTfQ6amw	,0.8543689,0.0,0.14563107
mm0qwYzOilFNVV2us5_8Rg	,0.9057971,0.0,0.0942029
mmbXj7CmjGbH-wR3j6cD0w	,0.9673913,0.0,0.032608695
mnwRtuVQEsIUomBchu0gwg	,0.9444444,0.0,0.055555556
moZpwq1hNxC-uJRpfupOTA	,0.9382716,0.0,0.061728396
mqqpu_OBoaQmtA4wFfG-Yg	,0.9130435,0.0,0.08695652
ms7cmWkPiSBDTnz-1sv2kQ	,0.9714286,0.0,0.028571429
mxMwo3zfJwVoCIayeNcA5w	,0.8435374,0.0,0.15646258
mygLP5-SCnQwIev6LU9gWg	,0.8947368,0.0,0.10526316
mz48xdVWcCu463U3Lm7lhA	,0.9370629,0.0,0.062937066
mz9ltimeAIy2c2qf5ctljw	,0.95789474,0.0,0.042105265
n6IWvkVMWB9OIRZBXh5tHw	,0.9148936,0.0,0.08510638
n8Zqqhff-2cxzWt_nwhU2Q	,0.9310345,0.0,0.06896552
nCAqeub9ERwzSoQwGzr1QQ	,0.9032258,0.0,0.09677419
nDj2LrpjZHTM8X-EqHSR9A	,0.9245283,0.0,0.0754717
nFVqjh-JCOuV2Uci1ZfJ_Q	,0.9433962,0.0,0.056603774
nHS_b67Z6olRSit8oBOmQw	,0.8487395,0.0,0.15126051
nMaIIKEAW2cTEWbEyeFyXQ	,0.9212598,0.0,0.07874016
nQD284VfImPe_UXkmq4yaQ	,0.9148936,0.0,0.08510638
nT16Y6AsJDwEpUB1JICKzg	,0.96385545,0.0,0.036144577
nUpKKVwG2WctMOXux19vew	,0.90178573,0.0,0.09821428
nUpz0YiBsOK7ff9k3vUJ3A	,0.96460176,0.0,0.03539823
nVAJZ6BJ9PPlxDXn976R6A	,0.877551,0.0,0.12244898
nY0WI0qGvkmMzTuNHMbCtw	,0.85271317,0.0,0.14728682
nYzCr8fcJ2ci4aiB1-hB6w	,0.9126214,0.0,0.08737864
n_K2xa_nqzUqaUJa0S_5tQ	,0.883905,0.0,0.116094984
na4Th5DrNauOv-c43QQFvA	,0.9338843,0.0,0.0661157
ndQTAJzhhkrl1i5ToEGSZw	,0.9202899,0.0,0.07971015
nhIWy8eXayUvDzAz3Ef-Og	,0.83146065,0.0,0.16853933
nmOJhPW62nCiuXHJuWooIg	,0.9390244,0.0,0.06097561
nn4ZkIZTCd7jJhxs-P9tHA	,0.8764045,0.0,0.123595506
nnDLapJk1z2NJE0-XzwMlQ	,0.9557522,0.0,0.044247787
nuRLQaPYbH6raFgSv-C_8g	,0.92805755,0.0,0.07194245
nvBhlpH8TWbCl70_30gqxg	,0.9313725,0.0,0.068627454
nwHd2MbIGz0SNG8GpFjekw	,0.95652175,0.0,0.04347826
nzV7HlERvD_v1DEfL_oiGQ	,0.9292929,0.0,0.07070707
o597EK6uvR5RuPMZEwYCUg	,0.93846154,0.0,0.06153846
o5QDrg_kb4hgsWxV6cV_Uw	,0.9217391,0.0,0.07826087
o7AiTlyWUrBSzdz6oMHj5w	,0.85,0.0,0.15
o9IvrLWtTt5lCYqO-uiJLg	,0.90588236,0.0,0.09411765
oDNfrdvMV2Fq0R6vd2XwNw	,0.9217391,0.0,0.07826087
oDxvrLYe5SiQKdJlGhheoA	,0.9235669,0.0,0.07643312
oEkOj9NXJFrjFn3NBB_jpA	,0.90140843,0.0,0.09859155
oGASRzKGpuiP12ilQH_nKg	,0.9745763,0.0,0.025423728
oMtdUzMdo5W5qrldiOGROg	,0.8611111,0.0,0.1388889
oVrvzUJczq0e2JzVxSTyag	,0.93333334,0.0,0.06666667
oWD385Ues-RWJmhP_Riz1g	,0.9574468,0.0,0.04255319
oXoVJ0xKv82cBo9U6oEjlQ	,0.9037037,0.0,0.096296296
odyYR1Bg2bqmp1kVlm8OYw	,0.9078014,0.0,0.09219858
oh-aOlWk7zIPFmxmFMoRdg	,0.94285715,0.0,0.057142857
ohEnmKpF7i2_ujme1p_vUQ	,0.9068826,0.0,0.09311741
ohz8ljVxcZMo2bMGrBZfgw	,0.91463417,0.0,0.085365854
oj5k-I0YSbuc5tDInt2isQ	,0.95049506,0.0,0.04950495
oljOuU-B7XUNQFPBjed2yQ	,0.95652175,0.0,0.04347826
olmCDBoMF-EhN8U2livBSg	,0.95454544,0.0,0.045454547
or4UVDjXEEjze3wNPjoAZA	,0.9166667,0.0,0.083333336
osSwv6CJy5hDKQdOKeyTow	,0.93495935,0.0,0.06504065
ostVuyoxxQiP3Qik_L7nPA	,0.88439304,0.0,0.115606934
osu1j_Lg8R9brpuMMn3a3A	,0.92462313,0.0,0.07537688
oudIKQI8HjqJqiF9pnMmQw	,0.95238096,0.0,0.04761905
owLXnEhlMLsFpemYoOxNkg	,0.8679245,0.0,0.13207547
oxeW1tSB-e_oIzCQZtqyTw	,0.8915663,0.0,0.10843374
oxwGyA17NL6c5t1Etg5WgQ	,0.8814433,0.0,0.1185567
oz7PaA6zFtdi2nUxIYdlMg	,0.9532164,0.0,0.046783626
ozEDKl0tZw5ob1evx41gcQ	,0.9375,0.0,0.0625
p-8AMN9Q0qwym-3Pdle20Q	,0.9236641,0.0,0.07633588
p0iEUamJVp_QpaheE-Nz_g	,0.9290909,0.0,0.07090909
p3YqOYELqXtLyHz9T49p_w	,0.8929766,0.0,0.10702341
p45zoSxaX9FC6JBoyw6DKg	,0.9583333,0.0,0.041666668
p4JsD_Ya0NRXNdnhbVBs0A	,0.89215684,0.0,0.10784314
p4qvXkb34X8hgidxEZ33Gw	,0.9108911,0.0,0.089108914
p5rpYtxS5xPQjt3MXYVEwA	,0.8871473,0.0,0.11285266
p81LV6y6Jxz_q_3HL06jOw	,0.90909094,0.0,0.09090909
p8HvhJZ-_EHhmUVmZN15gg	,0.9019608,0.0,0.09803922
p9v9Sl2g_ibaajWvO0NjkQ	,0.93820226,0.0,0.061797753
pBFewLcdLnf1XwPTE4jtyQ	,0.9677419,0.0,0.032258064
pC-_rPkp3mMZqvBJO1Yyaw	,0.84615386,0.0,0.15384616
pDewiJY6KCcZgLxxgxg13Q	,0.95238096,0.0,0.04761905
pFQaji0idkrzv5J-qTQ82Q	,0.8584906,0.0,0.14150943
pH0BLkL4cbxKzu471VZnuA	,0.9226361,0.0,0.07736389
pHA8wyVcrkhI4wQ3mt6NHw	,0.89719623,0.0,0.10280374
pHJu8tj3sI8eC5aIHLFEfQ	,0.9298246,0.0,0.07017544
pJQSdbrtQQVstMUUIICSsA	,0.9130435,0.0,0.08695652
pKk7jCFIm96qDdk0laVT2w	,0.8888889,0.0,0.11111111
pL-QrHxQ0kHBDA1ZyOjGQw	,0.93467337,0.0,0.06532663
pLMPpaJ7whp86uL_3ezwMg	,0.8651685,0.0,0.13483146
pQL52VHs4i3-y7zq81kFng	,0.94505495,0.0,0.054945055
pRmb8_tAP5y4YPt_viL07g	,0.9453781,0.0,0.05462185
pSQFynH1VxkfSmehRXlZWw	,0.9315961,0.0,0.06840391
pWffwFHO7Awb4bULH-XoDQ	,0.9166667,0.0,0.083333336
peH054eonSBTLLC5aFOQ0g	,0.87068963,0.0,0.12931034
piGQNN6ECbSC0agHhvoVeg	,0.93043476,0.0,0.069565214
pjG0x0xAyaq92KP8ycg4jQ	,1.0,0.0,0.0
pjpUOlJLlkIxBZ5BquA2PA	,0.9716981,0.0,0.028301887
plWuv4gda7m0KlqCNhrb4w	,0.9218107,0.0,0.0781893
poYsvuOmVDqF4dTnjJ780A	,0.96875,0.0,0.03125
pomGBqfbxcqPv14c3XH-ZQ	,0.9444444,0.0,0.055555556
pybIuTluqRhH_BQ3CJHlLw	,0.8984375,0.0,0.1015625
pyqnGlIfP9Zw8LLxBjyAiA	,0.92134833,0.0,0.07865169
q-zZgXKAQFLEgMp9ZNllgQ	,0.9478528,0.0,0.05214724
q18xbq3Cbyp_BJyfMQxFxg	,0.97029704,0.0,0.02970297
q3dJQtwZQrrurNT-1bNKgQ	,0.8678161,0.0,0.13218391
q4v-I9j1v7WqtxR12uEMxQ	,0.9479167,0.0,0.052083332
q5sa3zjAwIYMAgfPVxOdHw	,0.9680851,0.0,0.031914894
q6-SF8zHFU1AWO70k92o1Q	,0.9299363,0.0,0.070063695
qD_JdN9HpuuXtJv4C6jmCw	,0.947644,0.0,0.05235602
qEJjv2k8nDhOiYpmi_aVOw	,0.8655462,0.0,0.13445379
qFAw6wHMMcr4ctF-ZdGhEA	,0.8962264,0.0,0.10377359
qFZ7ReYNpjHuvSxOqXqHMg	,0.9339623,0.0,0.06603774
qFqueIKCVF5PlXmjl1YY9Q	,0.9745763,0.0,0.025423728
qG_WEgPa8MBo1dPUOkTMlw	,0.90967745,0.0,0.090322584
qKS7YV76te6olKnA_aMPTg	,0.91463417,0.0,0.085365854
qNYLt8zizn--wEpT1KILfw	,0.97206706,0.0,0.02793296
qQCsLGMncJp1xWUGnOKCQA	,0.9506726,0.0,0.049327355
qRymrsLmlA34bC8PvNoujg	,0.9527027,0.0,0.0472973
qS8RTVYBHECxDtOVSyZJkw	,0.88666666,0.0,0.11333334
qSP6RqBJUyJRsQKTarlo6g	,0.8764045,0.0,0.123595506
qVO3l9Q0-KVQE7W9JL9ePw	,0.9279279,0.0,0.072072074
qX116WMOppAblGKxoQwlYA	,0.92045456,0.0,0.07954545
qdHFUvFhZjvNie3cZiJb9w	,0.94382024,0.0,0.056179777
qfj5Ih8-6RPF2ccvNGvCcg	,0.8769231,0.0,0.12307692
qi6uzJEhA9puZM2io46-_A	,0.8913044,0.0,0.10869565
qjnJFZtsY_nfRzoL3J_UWQ	,0.9030612,0.0,0.096938774
qkyCuFJF2Uboh6n2Lmuwlg	,0.9045093,0.0,0.09549072
qmymSqVwHYRqdwfcBatzpQ	,0.8978102,0.0,0.10218978
qnyTJ39UXke3aAS0gdWsww	,0.85227275,0.0,0.14772727
qpaX3qOHBSOAEDUcIs8SPQ	,0.9512195,0.0,0.048780486
qpcZSHPLb8gTCI2T0XSYsA	,0.9485294,0.0,0.05147059
qqs7LP4TXAoOrSlaKRfz3A	,0.94166666,0.0,0.058333334
qsEbriXbvQVaORyJSkCEzQ	,0.8604651,0.0,0.13953489
qsJkjQoM3Hdg6Gtqp2S9_w	,0.91061455,0.0,0.08938547
qx6WhZ42eDKmBchZDax4dQ	,0.9583333,0.0,0.041666668
r-s-G1yyETRzTALYG9js8A	,0.9346405,0.0,0.06535948
r5PLDU-4mSbde5XekTXSCA	,0.9330855,0.0,0.0669145
r8764MtYyt8JhxMvrfM_xQ	,0.989011,0.0,0.010989011
r8Jr-7YfkhJL2nxk9lxUNg	,0.9108911,0.0,0.089108914
r8hVqm9DeasZ0Bf2KMhbeg	,0.94736844,0.0,0.05263158
rF183_3e0ybElRKdNSwJqQ	,0.80487806,0.0,0.19512194
rMrymOj6RcBBddGuOjv_IQ	,0.9444444,0.0,0.055555556
rNqSjfRM09T-VOjRTAF66g	,0.76344085,0.0,0.23655914
rTS8LsUmNIiXsXydE49tPA	,0.90697676,0.0,0.093023255
rTZVcJZ8G80i6NjLw0SW8Q	,0.8947368,0.0,0.10526316
rTx5vu0zuhggAbgsx1uVtA	,0.90909094,0.0,0.09090909
rW5N-fiNhqb-fR3bGqyPdg	,0.9217391,0.0,0.07826087
rZDi46tdwQoSAmxU50xiQQ	,0.8888889,0.0,0.11111111
rZwq4LBO0p9m9zJ2zSEKNQ	,0.9433962,0.0,0.056603774
r_BrIgzYcwo1NAuG9dLbpg	,0.94505495,0.0,0.054945055
rbH0HuTcBvZBbiAnqufRqQ	,0.95555556,0.0,0.044444446
rbywwnfMjFjJwLQkgpdIEw	,0.9680851,0.0,0.031914894
rcaPajgKOJC2vo_l3xa42A	,0.9509091,0.0,0.04909091
riFzCvp77DMKDX-5GoTpqA	,0.88825214,0.0,0.11174785
riM-pBsdqRRVXtAVbLfsxQ	,0.9010989,0.0,0.0989011
rioQ_p2pILNbJ4Xp5jW6-Q	,0.877907,0.0,0.12209302
rkqTVzTkLaWSUybaWUMIdA	,0.87,0.0,0.13
rq5dgoksPHkJwJNQKlGQ7w	,0.94160587,0.0,0.05839416
rtT7RqERpHbRYOiTIgGszQ	,0.94186044,0.0,0.058139537
ruPFtD9dU6Cv9_wpzIR4UQ	,0.9151786,0.0,0.084821425
ruWTngdiC68O9la27hvvHw	,0.92436975,0.0,0.075630255
rvnTFEq7R2ZHg0_CYbBNFw	,0.9378882,0.0,0.062111802
s0vNtuLs1cwEqHTXKiS05w	,0.9396552,0.0,0.060344826
s5TJlFtdXcx_tXC4tlttlw	,0.9423077,0.0,0.057692308
sDT7CvVLsPG1JizVddhxzg	,0.9492754,0.0,0.050724637
sH3UsolKjik01u0HlQ9_0Q	,0.9587629,0.0,0.041237112
sJNcipFYElitBrtiJx0ezQ	,0.9453552,0.0,0.05464481
sKrlmbrZWCyLIgiMihCPqw	,0.94957983,0.0,0.05042017
sLKpRaFns5Uqw1IEzK6obA	,0.94392526,0.0,0.056074765
sNVGdeOPeitJ3OWUQBINzQ	,0.84133613,0.0,0.15866388
sOYsxYYFl03PhHmz_rBDZQ	,0.9467456,0.0,0.053254437
sQ6DZZLLJRfwUr0eDWKDDg	,0.9306931,0.0,0.06930693
sUXs9ATmb423TcxgtMalzQ	,0.8923077,0.0,0.10769231
sYfHxCqHpIX2HnDhw0JRAA	,0.95789474,0.0,0.042105265
s_466owgNXqmQRuSluHHEQ	,0.93798447,0.0,0.062015504
saQQmDQQJ14BVkm_sg53UA	,0.9298246,0.0,0.07017544
sdYkVaTy7EJwUkO8Ie_qPg	,0.93233085,0.0,0.067669176
seYvTmOZGJ2IAMdfQa8pkg	,0.92753625,0.0,0.072463766
sf3kp0H13jZYEmS1A8Etcw	,0.9166667,0.0,0.083333336
siXCBrVFOXicbM2R-33-8w	,0.88372093,0.0,0.11627907
sqRX-XLlhx4rs2c1TpBf8A	,0.93015873,0.0,0.06984127
stELNI9yN8wsgWWt0Im_kw	,0.954955,0.0,0.045045044
stK7zVTmMar1ThpzT0Wjvg	,0.95238096,0.0,0.04761905
sv694ZNBZfoC18OL5eRVuw	,0.91333336,0.0,0.086666666
svdEhLmNmpVaIv1WLtoOvQ	,0.95454544,0.0,0.045454547
szhJLmdLDVFTevm8fu0T4A	,0.7837838,0.0,0.21621622
t-o_Sraneime4DDhWrQRBA	,0.93537414,0.0,0.06462585
t33qVzQ6AdSiq4lnI0KOyg	,0.9292929,0.0,0.07070707
t4bBKVXbr8bIN9nEJIobYg	,0.9390244,0.0,0.06097561
t53w4JlkxTau-G-TzhSWog	,0.9041096,0.0,0.09589041
t5nyOtnEv455rShOS_g3RA	,0.9111111,0.0,0.08888889
t6WY1IrohUecqNjd9bG42Q	,0.91366905,0.0,0.086330935
tCYAxj5_pV4RnDpe3_5VpA	,0.9066667,0.0,0.093333334
tEaW0zgsYihSTjysrpXaWg	,0.8974359,0.0,0.102564104
tMdgY7Ou4k3bYZZulJCiuQ	,0.9526316,0.0,0.047368422
tQifTiY-vutj8orxcMJKfQ	,0.9427083,0.0,0.057291668
tV5PcOIFlB12dpcbCy78VA	,0.9693251,0.0,0.030674847
tWiFat101ID5w_wgAPMXhA	,0.94,0.0,0.06
tXqaK0lBEE1XJbzDPsdFvg	,0.91056913,0.0,0.08943089
t_HzheP4lhDUrYHrthQGrQ	,0.8490566,0.0,0.1509434
tcfL9_Qe-12eX4rdmK_6XA	,0.93043476,0.0,0.069565214
td-NOo-k4xhfVmO5X92uAg	,0.9583333,0.0,0.041666668
teo01Ceud4v4BcaJcJ_67A	,0.9440559,0.0,0.055944055
thBWpIcP6vclsHS6GfI1dw	,0.96039605,0.0,0.03960396
tnG4_L5bZiffTbaFru9EBg	,0.9677419,0.0,0.032258064
tro-hrljuY1cUAVFYauTlQ	,0.9489796,0.0,0.05102041
tsf1JNdeeQf_654YUSrzRw	,0.89903843,0.0,0.100961536
tsx0bZbS4ciySrHZr8EFmw	,0.9375,0.0,0.0625
tuIg103yDqCEcTk5J_h8ow	,0.9423077,0.0,0.057692308
tveb-DkZ0lnwgKb_oavl6A	,0.9425287,0.0,0.057471264
ty5KQYqYRxwXDG_e4pz-4w	,0.8810811,0.0,0.11891892
u-67zd1ImTv3EEr5kIdWrA	,0.9233871,0.0,0.076612905
u-SJ5QUwrNquL9VnXwl8cg	,0.91463417,0.0,0.085365854
u3nwislXMKKwkpHAXAArbQ	,0.84347826,0.0,0.15652174
u4sTiCzVeIHZY8OlaL346Q	,0.9385475,0.0,0.061452515
u6xb2aUAvX6i1WhsQWqgWg	,0.875502,0.0,0.124497995
u7CxxEzx8hvjoJ8onN4zTg	,0.91346157,0.0,0.086538464
u9R0_pvEkl7QGPJYH3j1sg	,0.94871795,0.0,0.051282052
uBBiD1XJk697Qcr84MIbKA	,0.85714287,0.0,0.14285715
uBdYMY6a6A7FyxzTSwOiDg	,0.9468085,0.0,0.05319149
uCi2ropZuhG4XVcMDaurAw	,0.9207921,0.0,0.07920792
uDeycmwCy26ALJHeG3SsEA	,0.8666667,0.0,0.13333334
uGcC3CKAolcwfOTMjjoexQ	,0.8433735,0.0,0.15662651
uGupeWqih0yIcCg8anM1PA	,0.92147434,0.0,0.07852564
uH8o7gBowYmbToJqHsbpxg	,0.9469697,0.0,0.053030305
uHUcYpGlcdlu5m7oiZGY6w	,0.8913044,0.0,0.10869565
uI-dbKk_9cUen7pi3-16Sg	,0.9456067,0.0,0.054393306
uKKNw68mZZaa1jcyszEbyA	,0.95555556,0.0,0.044444446
uMQaaUvdHGhTFiyOhGa93w	,0.8125,0.0,0.1875
uUEKndnFbHD8mVkGiirtpA	,0.9461078,0.0,0.053892214
uW6UHfONAmm8QttPkbMewQ	,0.902439,0.0,0.09756097
uWECX6-Uq9n8v5ipk9R29A	,0.91964287,0.0,0.08035714
uXCofx04rfF7CC7lj9TIsA	,0.88793105,0.0,0.112068966
u_vPjx925UPEG9DFOAAvFQ	,0.86621314,0.0,0.13378684
uanCi4OGc1mHLGl_AT4JhQ	,0.87935036,0.0,0.12064965
ubt9YKL8nT-1WMu2QLxuNg	,0.86013985,0.0,0.13986014
uejutOD4_-IUaY5cKkpezg	,0.96428573,0.0,0.035714287
ugLqbAvBdRDc-gS4hpslXw	,0.90384614,0.0,0.09615385
ugf6qjoG5h6VXR5-vpq0Qw	,0.922179,0.0,0.07782101
ujHiaprwCQ5ewziu0Vi9rw	,0.91412216,0.0,0.085877866
umXvdus9LbC6oxtLdXelFQ	,0.96954316,0.0,0.030456852
utIA0LyQmwP-9DRyxUe6qQ	,0.92727274,0.0,0.07272727
utoTa3Ngv_oSfB5TIMgN_Q	,0.9517241,0.0,0.048275862
uu5AtMrz_94e8kk4Gixg9Q	,0.92424244,0.0,0.07575758
uuGlYAIvYAX1q1KhpY6dtA	,0.9238095,0.0,0.07619048
v015pusDxymYrTi_l48t2w	,0.9056604,0.0,0.094339624
v1AE1LLWDOqe8ubOzqKADg	,0.94715446,0.0,0.05284553
v33d7h_Zw_I9ZSxvPdqtkw	,0.9727273,0.0,0.027272727
v4qyBRpTBvOO55M4IAqNNg	,0.93162394,0.0,0.06837607
v9u0NgjA4iQeKGevFnYSCA	,0.9338843,0.0,0.0661157
vC23Fq8lMkNiZ4F8yh3ukQ	,0.9047619,0.0,0.0952381
vIAEWbTJc657yN8I4z7whQ	,0.84210527,0.0,0.15789473
vMRWkz0wb3g4HjW_OeAppA	,0.8902439,0.0,0.1097561
vOfz55MmWgjNQ3BA2PnhgQ	,0.91256833,0.0,0.08743169
vOyZkFAknjVg-Fwye3TKaQ	,0.9159664,0.0,0.084033616
vYeSTLvRuTuWoZV6tmvAxw	,0.95454544,0.0,0.045454547
vchjO0Vs5FwW2tpFnCimqg	,0.90909094,0.0,0.09090909
vdOf_NWsct8jr4qYKoE_iw	,0.9380531,0.0,0.061946902
vjSlRnCoLKa9p1bVXZtXtg	,0.92622954,0.0,0.07377049
vjaHGc25CcyNPZTbjDa7Ww	,0.9381443,0.0,0.06185567
vjhB95c5nOXflNoyq_jKzw	,0.9188034,0.0,0.081196584
vl1aHp6pvnSmpoRQShWLjg	,0.9076923,0.0,0.092307694
vl2IZrNJEA8npSjqXbdwxw	,0.8952381,0.0,0.104761906
vnvQ0lD9MDje2DFde9PKQA	,0.8703704,0.0,0.12962963
vsFFbN71ehRCp46KeR5RdQ	,0.97109824,0.0,0.028901733
vstifTjwsVFXc1aprX9_iQ	,0.9325843,0.0,0.06741573
vtkJXE_Vdz27rWm6mfAw6Q	,0.80991733,0.0,0.19008264
vx4YAA02Qz6khRD1fZ1MFA	,0.855814,0.0,0.14418605
vz8HFGsITt6aj-nyXkAEFg	,0.94017094,0.0,0.05982906
w-As0KSwy8pqMClOea-NLQ	,0.9758065,0.0,0.024193548
w0XjeV4WIUskQy8wwQf40w	,0.88709676,0.0,0.11290322
w12x7UBSSRsdbp3ZqguG3Q	,0.969697,0.0,0.030303031
w2b0ve7xpuCQkwYICFIUOg	,0.8863636,0.0,0.11363637
w2yx8dfNXi3TcPZSdQOw3A	,0.9745763,0.0,0.025423728
w4yq1IRk0DHQE995giqjGg	,0.92391306,0.0,0.07608695
w7r_pDUR56k0raVroQhhww	,0.9310345,0.0,0.06896552
w8RWhhuKxMiFCpvFvIQ3zg	,0.9041096,0.0,0.09589041
wAKV6rA1QppMTS3-FXRTSA	,0.96629214,0.0,0.033707865
wArcCMVnrl_tc9MULW-0CQ	,0.8988764,0.0,0.101123594
wERcL1KznuTgfltSKQt_jg	,0.8969072,0.0,0.10309278
wEc4JE2NYQr1RnGjGr4q7w	,0.87096775,0.0,0.12903225
wFEZPY0JjUIJ8tNWx62vmg	,0.9375,0.0,0.0625
wHVWfC_a6koeiJXAu78e1g	,0.9111111,0.0,0.08888889
wKA2y-F_fPcBDOkpzDB9eQ	,0.96875,0.0,0.03125
wN2zNgEK-QizEA_NKAHj6Q	,0.94382024,0.0,0.056179777
wTjvgkUJMVWrYed9mXdQjg	,0.9477124,0.0,0.052287582
wUKzaS1MHg94RGM6z8u9mw	,0.93822396,0.0,0.06177606
wUPoQpzy_LKWMO_pgBgkBg	,0.9245283,0.0,0.0754717
wWuGa3OOQJro_XGe-GKBXA	,0.93233085,0.0,0.067669176
wX1ORSDKPkA5ftE7F6UONw	,0.9455782,0.0,0.054421768
wZukjLaf1V2dLRQap_Zriw	,0.9366516,0.0,0.06334842
wdOOK3K6vzQy1d_OIk-U9w	,0.8770492,0.0,0.12295082
whAwdYVty-jSNRhrYT2zHA	,0.8989547,0.0,0.101045296
wke61EJKd1Yw6q1BR1npZw	,0.87628865,0.0,0.12371134
wl0QZqAzr1DelslQ02JGCQ	,0.9179331,0.0,0.08206687
wmCBxE0PfLZD8sxIwAY59Q	,0.9148936,0.0,0.08510638
woP-omtF0PobX4JxXpZa7Q	,0.94949496,0.0,0.05050505
wpnLPAnkMEb1NpC3xiD_qg	,0.9059561,0.0,0.09404389
wu5nk3pY1e_ou_Le_U52Sw	,0.9385965,0.0,0.06140351
wuQDMDlqM17jQNo0lYQZ7g	,0.92444444,0.0,0.075555556
ww9FC6HnLWei3MJNl2VxCg	,0.9607843,0.0,0.039215688
wxYpbaR3zQuMhgSbUym_xw	,0.9082569,0.0,0.09174312
wxzG81ZyWpBje_mU4aFLaw	,0.92045456,0.0,0.07954545
xB7bsOpJbnK9nHEZw1ARDg	,0.94186044,0.0,0.058139537
xIbtbAJLWLNZcqfqF4f-Nw	,0.91935486,0.0,0.08064516
xJzJpTYC_1k_EE0AWTOPXw	,0.9430052,0.0,0.05699482
xR1gLCH5resvtq1eV1nebg	,0.9464286,0.0,0.05357143
xTOX8D1Tavoi9vPWL-nWdQ	,0.7606838,0.0,0.23931624
xTlmLL2xZZ0xhZ2J16zXQQ	,0.9533333,0.0,0.046666667
xVEtGucSRLk5pxxN0t4i6g	,0.9127907,0.0,0.0872093
xZhNZb01n9b4e2X7bZdoVQ	,0.95689654,0.0,0.04310345
x_yLsQMQtlE0rdxnaf6J5w	,0.92727274,0.0,0.07272727
xaJS4YP0lISl2V5z2qA3GQ	,0.87341774,0.0,0.12658228
xedxfb3rfEmXDE0BczcCBA	,0.9411765,0.0,0.05882353
xfzDtGxx6B4a27RAyah69w	,0.9590909,0.0,0.04090909
xiNJk32NYbXdL-T3PzE3lQ	,0.98206276,0.0,0.01793722
xjjxHavx4RIiW6zS6rasGA	,0.93203884,0.0,0.067961164
xkVMIk_Vqh17f48ZQ_6b0w	,0.93193716,0.0,0.06806283
xn2wBz0SmCo5J6y10NK5ew	,0.7977528,0.0,0.20224719
xpocpPlEWaQygGMLSvjelQ	,0.9649123,0.0,0.03508772
xrBQKZbhJMCtaZxeJ0tzTQ	,0.8956522,0.0,0.104347825
xtYiHTmunjfCN2sUaQxBjA	,0.89349115,0.0,0.10650887
xxo0GsAFxQzUGStmCG6jWw	,0.902439,0.0,0.09756097
y-ytZFbfRWvYma9P4g7AYA	,0.9351852,0.0,0.06481481
y0x795PyDX8JL_oyIaTUiQ	,0.93430656,0.0,0.06569343
y4ETe3DkcIjjr_eyeg5U5g	,0.9385475,0.0,0.061452515
y7Js-07RF8d3N_AEtaw2VQ	,0.7882353,0.0,0.21176471
y8d90Pt16Nip-B5UXWBP-w	,0.93718594,0.0,0.06281407
yF-KH1l-rLVJaON8gfpyig	,0.88297874,0.0,0.11702128
yGCrsq0AYI8WN7goMVLHJA	,0.8333333,0.0,0.16666667
yHYjDPuRtLvhvMpOn5fXOQ	,0.96682465,0.0,0.033175357
yMopev-RPxfEXgqkJOvCGA	,0.9528302,0.0,0.047169812
yNPh5SO-7wr8HPpVCDPbXQ	,0.90625,0.0,0.09375
yNVcnSaMSrTmjJBMrHTy9w	,0.9268293,0.0,0.07317073
yQab5dxZzgBLTEHCw9V7_w	,0.88,0.0,0.12
yWUBX9Pe6pzh1PjVj04UmQ	,0.87356323,0.0,0.12643678
ybHlmdUHLPKfv85bRK4Wtw	,0.95486933,0.0,0.04513064
ydcNlRMKs93AQpOhVkSrGQ	,0.87931037,0.0,0.12068965
ydmyfVtoFeoAhKGIsPiauQ	,0.9268293,0.0,0.07317073
yet0Pww_ouW49T7V41ecSw	,0.8965517,0.0,0.10344828
yfxDa8RFOvJPQh0rNtakHA	,0.8973635,0.0,0.10263654
ygaOvp0PLBYaYeN9cZAlGg	,0.89772725,0.0,0.10227273
ym5FOqL6tGbgynzwKMHZuw	,0.9435484,0.0,0.05645161
yp2nRId4v-bDtrYl5A3F-g	,0.9389313,0.0,0.061068702
ypfFfR3-PbtoslIhohNstw	,0.89915967,0.0,0.10084034
yqYtY3-Po4OVPafA9Z-Xyw	,0.9402985,0.0,0.05970149
z0rSmZQz9eEXjg_C3_E5-g	,0.95,0.0,0.05
z3bUwDC1wUPGeIB8Rt90wA	,0.9453125,0.0,0.0546875
z6-reuC5BYf_Rth9gMBfgQ	,0.92523366,0.0,0.07476635
z7GAft_JrFNmAH5xbVeYSA	,0.8670886,0.0,0.1329114
zEaGcSVPDQipnRdEZp-F6g	,0.93142855,0.0,0.068571426
zJGtD3y-pAIGNId4codEEg	,0.9328358,0.0,0.06716418
zNOfHgMWZtG1vVA3Ca9fCQ	,0.92771083,0.0,0.072289154
zRqi6L1u-YmmVAHjeUbGMQ	,0.8783784,0.0,0.12162162
zU9w_xRlQSRIYXxGo-HSOA	,0.86928105,0.0,0.13071896
zXBrfL_ohYMuBZWvF8EcSA	,0.9099099,0.0,0.09009009
zbrFk-4ejesAJD8EwcdHxg	,0.9140625,0.0,0.0859375
zcScEL0WEdFkROcnz5379g	,0.91028446,0.0,0.08971553
zdE82PiD6wquvjYLyhOJNA	,0.9032815,0.0,0.09671848
zlpLjbwrKuNs8zROgB_qUQ	,0.8598131,0.0,0.14018692
zoODlH40edpJYLPLkHilNA	,0.9259259,0.0,0.074074075
zomc4vlPucjG4lD1fglOkw	,0.96428573,0.0,0.035714287
zpoZ6WyQUYff18-z4ZU1mA	,0.9559748,0.0,0.044025157
zrDi4gEaUi64lAMfJU51dw	,0.9519231,0.0,0.048076924
zrTGcb83AsfyVTMrsCa65A	,0.8978102,0.0,0.10218978
ztP466jMUMtqLwwHqXbk9w	,0.95049506,0.0,0.04950495
zvQIEpJUmLLmMMffNntHXQ	,0.872549,0.0,0.12745099
zwNC-Ow4eIMan2__bS9-rg	,0.92783505,0.0,0.072164945
zx_xDVaVQlE3eDoFFENkow	,0.9862069,0.0,0.013793103
